station_selection_review_id,calculation_run_id,readiness_run_id,plant_ecwt_readiness_id,plant_ecwt_id,station_selection_id,plant_id,station_id,review_status,review_basis,reviewer,risk_flags,risk_flag_count,disposition_reason,notes
station_selection_review_update_20260625T015957Z:station_selection:plant_ecwt_provisional_fixed_period_20260625T012402Z:plant:eia860:2024:plant:54249,station_selection_review_update_20260625T015957Z,plant_ecwt_readiness_fixed_period_20260625T012416Z,plant_ecwt_readiness_fixed_period_20260625T012416Z:plant:eia860:2024:plant:54249,plant_ecwt_provisional_fixed_period_20260625T012402Z:plant:eia860:2024:plant:54249,plant_ecwt_provisional_fixed_period_20260625T012402Z:plant:eia860:2024:plant:54249,eia860:2024:plant:54249,717700-99999,needs_review,automated_policy_seed,system_policy_seed,station_country_not_us;station_state_missing;coverage_below_0_97,3,needs_policy_cross_border_station,Manual review required before release because QA flags were present: station_country_not_us;station_state_missing;coverage_below_0_97
station_selection_review_update_20260625T015957Z:station_selection:plant_ecwt_provisional_fixed_period_20260625T012402Z:plant:eia860:2024:plant:6506,station_selection_review_update_20260625T015957Z,plant_ecwt_readiness_fixed_period_20260625T012416Z,plant_ecwt_readiness_fixed_period_20260625T012416Z:plant:eia860:2024:plant:6506,plant_ecwt_provisional_fixed_period_20260625T012402Z:plant:eia860:2024:plant:6506,plant_ecwt_provisional_fixed_period_20260625T012402Z:plant:eia860:2024:plant:6506,eia860:2024:plant:6506,717700-99999,needs_review,automated_policy_seed,system_policy_seed,selected_rank_gt_1;station_country_not_us;station_state_missing;coverage_below_0_97,4,needs_policy_cross_border_station,Manual review required before release because QA flags were present: selected_rank_gt_1;station_country_not_us;station_state_missing;coverage_below_0_97
station_selection_review_update_20260625T015957Z:station_selection:plant_ecwt_provisional_fixed_period_20260625T012402Z:plant:eia860:2024:plant:10555,station_selection_review_update_20260625T015957Z,plant_ecwt_readiness_fixed_period_20260625T012416Z,plant_ecwt_readiness_fixed_period_20260625T012416Z:plant:eia860:2024:plant:10555,plant_ecwt_provisional_fixed_period_20260625T012402Z:plant:eia860:2024:plant:10555,plant_ecwt_provisional_fixed_period_20260625T012402Z:plant:eia860:2024:plant:10555,eia860:2024:plant:10555,713230-99999,needs_review,automated_policy_seed,system_policy_seed,distance_gt_75km;selected_rank_gt_3;station_country_not_us;station_state_missing;coverage_below_0_97,5,needs_policy_cross_border_station,Manual review required before release because QA flags were present: distance_gt_75km;selected_rank_gt_3;station_country_not_us;station_state_missing;coverage_below_0_97
station_selection_review_update_20260625T015957Z:station_selection:plant_ecwt_provisional_fixed_period_20260625T012402Z:plant:eia860:2024:plant:1492,station_selection_review_update_20260625T015957Z,plant_ecwt_readiness_fixed_period_20260625T012416Z,plant_ecwt_readiness_fixed_period_20260625T012416Z:plant:eia860:2024:plant:1492,plant_ecwt_provisional_fixed_period_20260625T012402Z:plant:eia860:2024:plant:1492,plant_ecwt_provisional_fixed_period_20260625T012402Z:plant:eia860:2024:plant:1492,eia860:2024:plant:1492,713230-99999,needs_review,automated_policy_seed,system_policy_seed,distance_gt_75km;selected_rank_gt_3;station_country_not_us;station_state_missing;coverage_below_0_97,5,needs_policy_cross_border_station,Manual review required before release because QA flags were present: distance_gt_75km;selected_rank_gt_3;station_country_not_us;station_state_missing;coverage_below_0_97
station_selection_review_update_20260625T015957Z:station_selection:plant_ecwt_provisional_fixed_period_20260625T012402Z:plant:eia860:2024:plant:50650,station_selection_review_update_20260625T015957Z,plant_ecwt_readiness_fixed_period_20260625T012416Z,plant_ecwt_readiness_fixed_period_20260625T012416Z:plant:eia860:2024:plant:50650,plant_ecwt_provisional_fixed_period_20260625T012402Z:plant:eia860:2024:plant:50650,plant_ecwt_provisional_fixed_period_20260625T012402Z:plant:eia860:2024:plant:50650,eia860:2024:plant:50650,716100-99999,needs_review,automated_policy_seed,system_policy_seed,distance_gt_75km;selected_rank_gt_3;station_country_not_us;station_state_missing;coverage_below_0_97,5,needs_policy_cross_border_station,Manual review required before release because QA flags were present: distance_gt_75km;selected_rank_gt_3;station_country_not_us;station_state_missing;coverage_below_0_97
station_selection_review_update_20260625T015957Z:station_selection:plant_ecwt_provisional_fixed_period_20260625T012402Z:plant:eia860:2024:plant:50999,station_selection_review_update_20260625T015957Z,plant_ecwt_readiness_fixed_period_20260625T012416Z,plant_ecwt_readiness_fixed_period_20260625T012416Z:plant:eia860:2024:plant:50999,plant_ecwt_provisional_fixed_period_20260625T012402Z:plant:eia860:2024:plant:50999,plant_ecwt_provisional_fixed_period_20260625T012402Z:plant:eia860:2024:plant:50999,eia860:2024:plant:50999,716100-99999,needs_review,automated_policy_seed,system_policy_seed,distance_gt_75km;selected_rank_gt_3;station_country_not_us;station_state_missing;coverage_below_0_97,5,needs_policy_cross_border_station,Manual review required before release because QA flags were present: distance_gt_75km;selected_rank_gt_3;station_country_not_us;station_state_missing;coverage_below_0_97
station_selection_review_update_20260625T015957Z:station_selection:plant_ecwt_provisional_fixed_period_20260625T012402Z:plant:eia860:2024:plant:56829,station_selection_review_update_20260625T015957Z,plant_ecwt_readiness_fixed_period_20260625T012416Z,plant_ecwt_readiness_fixed_period_20260625T012416Z:plant:eia860:2024:plant:56829,plant_ecwt_provisional_fixed_period_20260625T012402Z:plant:eia860:2024:plant:56829,plant_ecwt_provisional_fixed_period_20260625T012402Z:plant:eia860:2024:plant:56829,eia860:2024:plant:56829,716100-99999,needs_review,automated_policy_seed,system_policy_seed,distance_gt_75km;selected_rank_gt_1;station_country_not_us;station_state_missing;coverage_below_0_97,5,needs_policy_cross_border_station,Manual review required before release because QA flags were present: distance_gt_75km;selected_rank_gt_1;station_country_not_us;station_state_missing;coverage_below_0_97
station_selection_review_update_20260625T015957Z:station_selection:plant_ecwt_provisional_fixed_period_20260625T012402Z:plant:eia860:2024:plant:66962,station_selection_review_update_20260625T015957Z,plant_ecwt_readiness_fixed_period_20260625T012416Z,plant_ecwt_readiness_fixed_period_20260625T012416Z:plant:eia860:2024:plant:66962,plant_ecwt_provisional_fixed_period_20260625T012402Z:plant:eia860:2024:plant:66962,plant_ecwt_provisional_fixed_period_20260625T012402Z:plant:eia860:2024:plant:66962,eia860:2024:plant:66962,716100-99999,needs_review,automated_policy_seed,system_policy_seed,distance_gt_75km;selected_rank_gt_3;station_country_not_us;station_state_missing;coverage_below_0_97,5,needs_policy_cross_border_station,Manual review required before release because QA flags were present: distance_gt_75km;selected_rank_gt_3;station_country_not_us;station_state_missing;coverage_below_0_97
station_selection_review_update_20260625T015957Z:station_selection:plant_ecwt_provisional_fixed_period_20260625T012402Z:plant:eia860:2024:plant:1731,station_selection_review_update_20260625T015957Z,plant_ecwt_readiness_fixed_period_20260625T012416Z,plant_ecwt_readiness_fixed_period_20260625T012416Z:plant:eia860:2024:plant:1731,plant_ecwt_provisional_fixed_period_20260625T012402Z:plant:eia860:2024:plant:1731,plant_ecwt_provisional_fixed_period_20260625T012402Z:plant:eia860:2024:plant:1731,eia860:2024:plant:1731,712610-99999,needs_review,automated_policy_seed,system_policy_seed,distance_gt_50km;selected_rank_gt_3;station_country_not_us;station_state_missing;coverage_below_0_97,5,needs_policy_cross_border_station,Manual review required before release because QA flags were present: distance_gt_50km;selected_rank_gt_3;station_country_not_us;station_state_missing;coverage_below_0_97
station_selection_review_update_20260625T015957Z:station_selection:plant_ecwt_provisional_fixed_period_20260625T012402Z:plant:eia860:2024:plant:2203,station_selection_review_update_20260625T015957Z,plant_ecwt_readiness_fixed_period_20260625T012416Z,plant_ecwt_readiness_fixed_period_20260625T012416Z:plant:eia860:2024:plant:2203,plant_ecwt_provisional_fixed_period_20260625T012402Z:plant:eia860:2024:plant:2203,plant_ecwt_provisional_fixed_period_20260625T012402Z:plant:eia860:2024:plant:2203,eia860:2024:plant:2203,711540-99999,needs_review,automated_policy_seed,system_policy_seed,distance_gt_75km;selected_rank_gt_3;station_country_not_us;station_state_missing;coverage_below_0_97,5,needs_policy_cross_border_station,Manual review required before release because QA flags were present: distance_gt_75km;selected_rank_gt_3;station_country_not_us;station_state_missing;coverage_below_0_97
station_selection_review_update_20260625T015957Z:station_selection:plant_ecwt_provisional_fixed_period_20260625T012402Z:plant:eia860:2024:plant:56499,station_selection_review_update_20260625T015957Z,plant_ecwt_readiness_fixed_period_20260625T012416Z,plant_ecwt_readiness_fixed_period_20260625T012416Z:plant:eia860:2024:plant:56499,plant_ecwt_provisional_fixed_period_20260625T012402Z:plant:eia860:2024:plant:56499,plant_ecwt_provisional_fixed_period_20260625T012402Z:plant:eia860:2024:plant:56499,eia860:2024:plant:56499,711160-99999,needs_review,automated_policy_seed,system_policy_seed,distance_gt_75km;selected_rank_gt_3;station_country_not_us;station_state_missing;coverage_below_0_97,5,needs_policy_cross_border_station,Manual review required before release because QA flags were present: distance_gt_75km;selected_rank_gt_3;station_country_not_us;station_state_missing;coverage_below_0_97
station_selection_review_update_20260625T015957Z:station_selection:plant_ecwt_provisional_fixed_period_20260625T012402Z:plant:eia860:2024:plant:56606,station_selection_review_update_20260625T015957Z,plant_ecwt_readiness_fixed_period_20260625T012416Z,plant_ecwt_readiness_fixed_period_20260625T012416Z:plant:eia860:2024:plant:56606,plant_ecwt_provisional_fixed_period_20260625T012402Z:plant:eia860:2024:plant:56606,plant_ecwt_provisional_fixed_period_20260625T012402Z:plant:eia860:2024:plant:56606,eia860:2024:plant:56606,715160-99999,needs_review,automated_policy_seed,system_policy_seed,distance_gt_75km;selected_rank_gt_3;station_country_not_us;station_state_missing;coverage_below_0_97,5,needs_policy_cross_border_station,Manual review required before release because QA flags were present: distance_gt_75km;selected_rank_gt_3;station_country_not_us;station_state_missing;coverage_below_0_97
station_selection_review_update_20260625T015957Z:station_selection:plant_ecwt_provisional_fixed_period_20260625T012402Z:plant:eia860:2024:plant:56833,station_selection_review_update_20260625T015957Z,plant_ecwt_readiness_fixed_period_20260625T012416Z,plant_ecwt_readiness_fixed_period_20260625T012416Z:plant:eia860:2024:plant:56833,plant_ecwt_provisional_fixed_period_20260625T012402Z:plant:eia860:2024:plant:56833,plant_ecwt_provisional_fixed_period_20260625T012402Z:plant:eia860:2024:plant:56833,eia860:2024:plant:56833,715160-99999,needs_review,automated_policy_seed,system_policy_seed,distance_gt_75km;selected_rank_gt_3;station_country_not_us;station_state_missing;coverage_below_0_97,5,needs_policy_cross_border_station,Manual review required before release because QA flags were present: distance_gt_75km;selected_rank_gt_3;station_country_not_us;station_state_missing;coverage_below_0_97
station_selection_review_update_20260625T015957Z:station_selection:plant_ecwt_provisional_fixed_period_20260625T012402Z:plant:eia860:2024:plant:56880,station_selection_review_update_20260625T015957Z,plant_ecwt_readiness_fixed_period_20260625T012416Z,plant_ecwt_readiness_fixed_period_20260625T012416Z:plant:eia860:2024:plant:56880,plant_ecwt_provisional_fixed_period_20260625T012402Z:plant:eia860:2024:plant:56880,plant_ecwt_provisional_fixed_period_20260625T012402Z:plant:eia860:2024:plant:56880,eia860:2024:plant:56880,715160-99999,needs_review,automated_policy_seed,system_policy_seed,distance_gt_75km;selected_rank_gt_3;station_country_not_us;station_state_missing;coverage_below_0_97,5,needs_policy_cross_border_station,Manual review required before release because QA flags were present: distance_gt_75km;selected_rank_gt_3;station_country_not_us;station_state_missing;coverage_below_0_97
station_selection_review_update_20260625T015957Z:station_selection:plant_ecwt_provisional_fixed_period_20260625T012402Z:plant:eia860:2024:plant:58523,station_selection_review_update_20260625T015957Z,plant_ecwt_readiness_fixed_period_20260625T012416Z,plant_ecwt_readiness_fixed_period_20260625T012416Z:plant:eia860:2024:plant:58523,plant_ecwt_provisional_fixed_period_20260625T012402Z:plant:eia860:2024:plant:58523,plant_ecwt_provisional_fixed_period_20260625T012402Z:plant:eia860:2024:plant:58523,eia860:2024:plant:58523,711540-99999,needs_review,automated_policy_seed,system_policy_seed,distance_gt_75km;selected_rank_gt_3;station_country_not_us;station_state_missing;coverage_below_0_97,5,needs_policy_cross_border_station,Manual review required before release because QA flags were present: distance_gt_75km;selected_rank_gt_3;station_country_not_us;station_state_missing;coverage_below_0_97
station_selection_review_update_20260625T015957Z:station_selection:plant_ecwt_provisional_fixed_period_20260625T012402Z:plant:eia860:2024:plant:60595,station_selection_review_update_20260625T015957Z,plant_ecwt_readiness_fixed_period_20260625T012416Z,plant_ecwt_readiness_fixed_period_20260625T012416Z:plant:eia860:2024:plant:60595,plant_ecwt_provisional_fixed_period_20260625T012402Z:plant:eia860:2024:plant:60595,plant_ecwt_provisional_fixed_period_20260625T012402Z:plant:eia860:2024:plant:60595,eia860:2024:plant:60595,715160-99999,needs_review,automated_policy_seed,system_policy_seed,distance_gt_75km;selected_rank_gt_3;station_country_not_us;station_state_missing;coverage_below_0_97,5,needs_policy_cross_border_station,Manual review required before release because QA flags were present: distance_gt_75km;selected_rank_gt_3;station_country_not_us;station_state_missing;coverage_below_0_97
station_selection_review_update_20260625T015957Z:station_selection:plant_ecwt_provisional_fixed_period_20260625T012402Z:plant:eia860:2024:plant:6172,station_selection_review_update_20260625T015957Z,plant_ecwt_readiness_fixed_period_20260625T012416Z,plant_ecwt_readiness_fixed_period_20260625T012416Z:plant:eia860:2024:plant:6172,plant_ecwt_provisional_fixed_period_20260625T012402Z:plant:eia860:2024:plant:6172,plant_ecwt_provisional_fixed_period_20260625T012402Z:plant:eia860:2024:plant:6172,eia860:2024:plant:6172,717700-99999,needs_review,automated_policy_seed,system_policy_seed,distance_gt_75km;selected_rank_gt_3;station_country_not_us;station_state_missing;coverage_below_0_97,5,needs_policy_cross_border_station,Manual review required before release because QA flags were present: distance_gt_75km;selected_rank_gt_3;station_country_not_us;station_state_missing;coverage_below_0_97
station_selection_review_update_20260625T015957Z:station_selection:plant_ecwt_provisional_fixed_period_20260625T012402Z:plant:eia860:2024:plant:64505,station_selection_review_update_20260625T015957Z,plant_ecwt_readiness_fixed_period_20260625T012416Z,plant_ecwt_readiness_fixed_period_20260625T012416Z:plant:eia860:2024:plant:64505,plant_ecwt_provisional_fixed_period_20260625T012402Z:plant:eia860:2024:plant:64505,plant_ecwt_provisional_fixed_period_20260625T012402Z:plant:eia860:2024:plant:64505,eia860:2024:plant:64505,711540-99999,needs_review,automated_policy_seed,system_policy_seed,distance_gt_75km;selected_rank_gt_3;station_country_not_us;station_state_missing;coverage_below_0_97,5,needs_policy_cross_border_station,Manual review required before release because QA flags were present: distance_gt_75km;selected_rank_gt_3;station_country_not_us;station_state_missing;coverage_below_0_97
station_selection_review_update_20260625T015957Z:station_selection:plant_ecwt_provisional_fixed_period_20260625T012402Z:plant:eia860:2024:plant:6459,station_selection_review_update_20260625T015957Z,plant_ecwt_readiness_fixed_period_20260625T012416Z,plant_ecwt_readiness_fixed_period_20260625T012416Z:plant:eia860:2024:plant:6459,plant_ecwt_provisional_fixed_period_20260625T012402Z:plant:eia860:2024:plant:6459,plant_ecwt_provisional_fixed_period_20260625T012402Z:plant:eia860:2024:plant:6459,eia860:2024:plant:6459,711540-99999,needs_review,automated_policy_seed,system_policy_seed,distance_gt_75km;selected_rank_gt_3;station_country_not_us;station_state_missing;coverage_below_0_97,5,needs_policy_cross_border_station,Manual review required before release because QA flags were present: distance_gt_75km;selected_rank_gt_3;station_country_not_us;station_state_missing;coverage_below_0_97
station_selection_review_update_20260625T015957Z:station_selection:plant_ecwt_provisional_fixed_period_20260625T012402Z:plant:eia860:2024:plant:6623,station_selection_review_update_20260625T015957Z,plant_ecwt_readiness_fixed_period_20260625T012416Z,plant_ecwt_readiness_fixed_period_20260625T012416Z:plant:eia860:2024:plant:6623,plant_ecwt_provisional_fixed_period_20260625T012402Z:plant:eia860:2024:plant:6623,plant_ecwt_provisional_fixed_period_20260625T012402Z:plant:eia860:2024:plant:6623,eia860:2024:plant:6623,715160-99999,needs_review,automated_policy_seed,system_policy_seed,distance_gt_75km;selected_rank_gt_3;station_country_not_us;station_state_missing;coverage_below_0_97,5,needs_policy_cross_border_station,Manual review required before release because QA flags were present: distance_gt_75km;selected_rank_gt_3;station_country_not_us;station_state_missing;coverage_below_0_97
station_selection_review_update_20260625T015957Z:station_selection:plant_ecwt_provisional_fixed_period_20260625T012402Z:plant:eia860:2024:plant:55638,station_selection_review_update_20260625T015957Z,plant_ecwt_readiness_fixed_period_20260625T012416Z,plant_ecwt_readiness_fixed_period_20260625T012416Z:plant:eia860:2024:plant:55638,plant_ecwt_provisional_fixed_period_20260625T012402Z:plant:eia860:2024:plant:55638,plant_ecwt_provisional_fixed_period_20260625T012402Z:plant:eia860:2024:plant:55638,eia860:2024:plant:55638,711470-99999,needs_review,automated_policy_seed,system_policy_seed,distance_gt_50km;selected_rank_gt_3;station_country_not_us;station_state_missing;coverage_below_0_97,5,needs_policy_cross_border_station,Manual review required before release because QA flags were present: distance_gt_50km;selected_rank_gt_3;station_country_not_us;station_state_missing;coverage_below_0_97
station_selection_review_update_20260625T015957Z:station_selection:plant_ecwt_provisional_fixed_period_20260625T012402Z:plant:eia860:2024:plant:56605,station_selection_review_update_20260625T015957Z,plant_ecwt_readiness_fixed_period_20260625T012416Z,plant_ecwt_readiness_fixed_period_20260625T012416Z:plant:eia860:2024:plant:56605,plant_ecwt_provisional_fixed_period_20260625T012402Z:plant:eia860:2024:plant:56605,plant_ecwt_provisional_fixed_period_20260625T012402Z:plant:eia860:2024:plant:56605,eia860:2024:plant:56605,711480-99999,needs_review,automated_policy_seed,system_policy_seed,distance_gt_50km;selected_rank_gt_3;station_country_not_us;station_state_missing;coverage_below_0_97,5,needs_policy_cross_border_station,Manual review required before release because QA flags were present: distance_gt_50km;selected_rank_gt_3;station_country_not_us;station_state_missing;coverage_below_0_97
station_selection_review_update_20260625T015957Z:station_selection:plant_ecwt_provisional_fixed_period_20260625T012402Z:plant:eia860:2024:plant:56912,station_selection_review_update_20260625T015957Z,plant_ecwt_readiness_fixed_period_20260625T012416Z,plant_ecwt_readiness_fixed_period_20260625T012416Z:plant:eia860:2024:plant:56912,plant_ecwt_provisional_fixed_period_20260625T012402Z:plant:eia860:2024:plant:56912,plant_ecwt_provisional_fixed_period_20260625T012402Z:plant:eia860:2024:plant:56912,eia860:2024:plant:56912,711480-99999,needs_review,automated_policy_seed,system_policy_seed,distance_gt_50km;selected_rank_gt_3;station_country_not_us;station_state_missing;coverage_below_0_97,5,needs_policy_cross_border_station,Manual review required before release because QA flags were present: distance_gt_50km;selected_rank_gt_3;station_country_not_us;station_state_missing;coverage_below_0_97
station_selection_review_update_20260625T015957Z:station_selection:plant_ecwt_provisional_fixed_period_20260625T012402Z:plant:eia860:2024:plant:57033,station_selection_review_update_20260625T015957Z,plant_ecwt_readiness_fixed_period_20260625T012416Z,plant_ecwt_readiness_fixed_period_20260625T012416Z:plant:eia860:2024:plant:57033,plant_ecwt_provisional_fixed_period_20260625T012402Z:plant:eia860:2024:plant:57033,plant_ecwt_provisional_fixed_period_20260625T012402Z:plant:eia860:2024:plant:57033,eia860:2024:plant:57033,711480-99999,needs_review,automated_policy_seed,system_policy_seed,distance_gt_50km;selected_rank_gt_3;station_country_not_us;station_state_missing;coverage_below_0_97,5,needs_policy_cross_border_station,Manual review required before release because QA flags were present: distance_gt_50km;selected_rank_gt_3;station_country_not_us;station_state_missing;coverage_below_0_97
station_selection_review_update_20260625T015957Z:station_selection:plant_ecwt_provisional_fixed_period_20260625T012402Z:plant:eia860:2024:plant:59200,station_selection_review_update_20260625T015957Z,plant_ecwt_readiness_fixed_period_20260625T012416Z,plant_ecwt_readiness_fixed_period_20260625T012416Z:plant:eia860:2024:plant:59200,plant_ecwt_provisional_fixed_period_20260625T012402Z:plant:eia860:2024:plant:59200,plant_ecwt_provisional_fixed_period_20260625T012402Z:plant:eia860:2024:plant:59200,eia860:2024:plant:59200,711480-99999,needs_review,automated_policy_seed,system_policy_seed,distance_gt_50km;selected_rank_gt_1;station_country_not_us;station_state_missing;coverage_below_0_97,5,needs_policy_cross_border_station,Manual review required before release because QA flags were present: distance_gt_50km;selected_rank_gt_1;station_country_not_us;station_state_missing;coverage_below_0_97
station_selection_review_update_20260625T015957Z:station_selection:plant_ecwt_provisional_fixed_period_20260625T012402Z:plant:eia860:2024:plant:57192,station_selection_review_update_20260625T015957Z,plant_ecwt_readiness_fixed_period_20260625T012416Z,plant_ecwt_readiness_fixed_period_20260625T012416Z:plant:eia860:2024:plant:57192,plant_ecwt_provisional_fixed_period_20260625T012402Z:plant:eia860:2024:plant:57192,plant_ecwt_provisional_fixed_period_20260625T012402Z:plant:eia860:2024:plant:57192,eia860:2024:plant:57192,724797-23176,needs_review,automated_policy_seed,system_policy_seed,distance_gt_75km;selected_rank_gt_3;plant_station_state_mismatch;coverage_below_0_97;shared_station_gt_25_plants,5,needs_review_high_distance,Manual review required before release because QA flags were present: distance_gt_75km;selected_rank_gt_3;plant_station_state_mismatch;coverage_below_0_97;shared_station_gt_25_plants
station_selection_review_update_20260625T015957Z:station_selection:plant_ecwt_provisional_fixed_period_20260625T012402Z:plant:eia860:2024:plant:68017,station_selection_review_update_20260625T015957Z,plant_ecwt_readiness_fixed_period_20260625T012416Z,plant_ecwt_readiness_fixed_period_20260625T012416Z:plant:eia860:2024:plant:68017,plant_ecwt_provisional_fixed_period_20260625T012402Z:plant:eia860:2024:plant:68017,plant_ecwt_provisional_fixed_period_20260625T012402Z:plant:eia860:2024:plant:68017,eia860:2024:plant:68017,724797-23176,needs_review,automated_policy_seed,system_policy_seed,distance_gt_75km;selected_rank_gt_3;plant_station_state_mismatch;coverage_below_0_97;shared_station_gt_25_plants,5,needs_review_high_distance,Manual review required before release because QA flags were present: distance_gt_75km;selected_rank_gt_3;plant_station_state_mismatch;coverage_below_0_97;shared_station_gt_25_plants
station_selection_review_update_20260625T015957Z:station_selection:plant_ecwt_provisional_fixed_period_20260625T012402Z:plant:eia860:2024:plant:10220,station_selection_review_update_20260625T015957Z,plant_ecwt_readiness_fixed_period_20260625T012416Z,plant_ecwt_readiness_fixed_period_20260625T012416Z:plant:eia860:2024:plant:10220,plant_ecwt_provisional_fixed_period_20260625T012402Z:plant:eia860:2024:plant:10220,plant_ecwt_provisional_fixed_period_20260625T012402Z:plant:eia860:2024:plant:10220,eia860:2024:plant:10220,717120-99999,needs_review,automated_policy_seed,system_policy_seed,distance_gt_50km;selected_rank_gt_3;station_country_not_us;station_state_missing;coverage_below_0_97;shared_station_gt_25_plants,6,needs_policy_cross_border_station,Manual review required before release because QA flags were present: distance_gt_50km;selected_rank_gt_3;station_country_not_us;station_state_missing;coverage_below_0_97;shared_station_gt_25_plants
station_selection_review_update_20260625T015957Z:station_selection:plant_ecwt_provisional_fixed_period_20260625T012402Z:plant:eia860:2024:plant:2540,station_selection_review_update_20260625T015957Z,plant_ecwt_readiness_fixed_period_20260625T012416Z,plant_ecwt_readiness_fixed_period_20260625T012416Z:plant:eia860:2024:plant:2540,plant_ecwt_provisional_fixed_period_20260625T012402Z:plant:eia860:2024:plant:2540,plant_ecwt_provisional_fixed_period_20260625T012402Z:plant:eia860:2024:plant:2540,eia860:2024:plant:2540,717120-99999,needs_review,automated_policy_seed,system_policy_seed,distance_gt_50km;selected_rank_gt_3;station_country_not_us;station_state_missing;coverage_below_0_97;shared_station_gt_25_plants,6,needs_policy_cross_border_station,Manual review required before release because QA flags were present: distance_gt_50km;selected_rank_gt_3;station_country_not_us;station_state_missing;coverage_below_0_97;shared_station_gt_25_plants
station_selection_review_update_20260625T015957Z:station_selection:plant_ecwt_provisional_fixed_period_20260625T012402Z:plant:eia860:2024:plant:2547,station_selection_review_update_20260625T015957Z,plant_ecwt_readiness_fixed_period_20260625T012416Z,plant_ecwt_readiness_fixed_period_20260625T012416Z:plant:eia860:2024:plant:2547,plant_ecwt_provisional_fixed_period_20260625T012402Z:plant:eia860:2024:plant:2547,plant_ecwt_provisional_fixed_period_20260625T012402Z:plant:eia860:2024:plant:2547,eia860:2024:plant:2547,717120-99999,needs_review,automated_policy_seed,system_policy_seed,distance_gt_75km;selected_rank_gt_3;station_country_not_us;station_state_missing;coverage_below_0_97;shared_station_gt_25_plants,6,needs_policy_cross_border_station,Manual review required before release because QA flags were present: distance_gt_75km;selected_rank_gt_3;station_country_not_us;station_state_missing;coverage_below_0_97;shared_station_gt_25_plants
station_selection_review_update_20260625T015957Z:station_selection:plant_ecwt_provisional_fixed_period_20260625T012402Z:plant:eia860:2024:plant:2550,station_selection_review_update_20260625T015957Z,plant_ecwt_readiness_fixed_period_20260625T012416Z,plant_ecwt_readiness_fixed_period_20260625T012416Z:plant:eia860:2024:plant:2550,plant_ecwt_provisional_fixed_period_20260625T012402Z:plant:eia860:2024:plant:2550,plant_ecwt_provisional_fixed_period_20260625T012402Z:plant:eia860:2024:plant:2550,eia860:2024:plant:2550,717120-99999,needs_review,automated_policy_seed,system_policy_seed,selected_rank_gt_1;station_country_not_us;station_state_missing;coverage_below_0_97;shared_station_gt_25_plants,5,needs_policy_cross_border_station,Manual review required before release because QA flags were present: selected_rank_gt_1;station_country_not_us;station_state_missing;coverage_below_0_97;shared_station_gt_25_plants
station_selection_review_update_20260625T015957Z:station_selection:plant_ecwt_provisional_fixed_period_20260625T012402Z:plant:eia860:2024:plant:2551,station_selection_review_update_20260625T015957Z,plant_ecwt_readiness_fixed_period_20260625T012416Z,plant_ecwt_readiness_fixed_period_20260625T012416Z:plant:eia860:2024:plant:2551,plant_ecwt_provisional_fixed_period_20260625T012402Z:plant:eia860:2024:plant:2551,plant_ecwt_provisional_fixed_period_20260625T012402Z:plant:eia860:2024:plant:2551,eia860:2024:plant:2551,717120-99999,needs_review,automated_policy_seed,system_policy_seed,distance_gt_75km;selected_rank_gt_3;station_country_not_us;station_state_missing;coverage_below_0_97;shared_station_gt_25_plants,6,needs_policy_cross_border_station,Manual review required before release because QA flags were present: distance_gt_75km;selected_rank_gt_3;station_country_not_us;station_state_missing;coverage_below_0_97;shared_station_gt_25_plants
station_selection_review_update_20260625T015957Z:station_selection:plant_ecwt_provisional_fixed_period_20260625T012402Z:plant:eia860:2024:plant:2561,station_selection_review_update_20260625T015957Z,plant_ecwt_readiness_fixed_period_20260625T012416Z,plant_ecwt_readiness_fixed_period_20260625T012416Z:plant:eia860:2024:plant:2561,plant_ecwt_provisional_fixed_period_20260625T012402Z:plant:eia860:2024:plant:2561,plant_ecwt_provisional_fixed_period_20260625T012402Z:plant:eia860:2024:plant:2561,eia860:2024:plant:2561,717120-99999,needs_review,automated_policy_seed,system_policy_seed,distance_gt_50km;selected_rank_gt_3;station_country_not_us;station_state_missing;coverage_below_0_97;shared_station_gt_25_plants,6,needs_policy_cross_border_station,Manual review required before release because QA flags were present: distance_gt_50km;selected_rank_gt_3;station_country_not_us;station_state_missing;coverage_below_0_97;shared_station_gt_25_plants
station_selection_review_update_20260625T015957Z:station_selection:plant_ecwt_provisional_fixed_period_20260625T012402Z:plant:eia860:2024:plant:2562,station_selection_review_update_20260625T015957Z,plant_ecwt_readiness_fixed_period_20260625T012416Z,plant_ecwt_readiness_fixed_period_20260625T012416Z:plant:eia860:2024:plant:2562,plant_ecwt_provisional_fixed_period_20260625T012402Z:plant:eia860:2024:plant:2562,plant_ecwt_provisional_fixed_period_20260625T012402Z:plant:eia860:2024:plant:2562,eia860:2024:plant:2562,717120-99999,needs_review,automated_policy_seed,system_policy_seed,distance_gt_75km;selected_rank_gt_3;station_country_not_us;station_state_missing;coverage_below_0_97;shared_station_gt_25_plants,6,needs_policy_cross_border_station,Manual review required before release because QA flags were present: distance_gt_75km;selected_rank_gt_3;station_country_not_us;station_state_missing;coverage_below_0_97;shared_station_gt_25_plants
station_selection_review_update_20260625T015957Z:station_selection:plant_ecwt_provisional_fixed_period_20260625T012402Z:plant:eia860:2024:plant:2571,station_selection_review_update_20260625T015957Z,plant_ecwt_readiness_fixed_period_20260625T012416Z,plant_ecwt_readiness_fixed_period_20260625T012416Z:plant:eia860:2024:plant:2571,plant_ecwt_provisional_fixed_period_20260625T012402Z:plant:eia860:2024:plant:2571,plant_ecwt_provisional_fixed_period_20260625T012402Z:plant:eia860:2024:plant:2571,eia860:2024:plant:2571,717120-99999,needs_review,automated_policy_seed,system_policy_seed,distance_gt_75km;selected_rank_gt_3;station_country_not_us;station_state_missing;coverage_below_0_97;shared_station_gt_25_plants,6,needs_policy_cross_border_station,Manual review required before release because QA flags were present: distance_gt_75km;selected_rank_gt_3;station_country_not_us;station_state_missing;coverage_below_0_97;shared_station_gt_25_plants
station_selection_review_update_20260625T015957Z:station_selection:plant_ecwt_provisional_fixed_period_20260625T012402Z:plant:eia860:2024:plant:2583,station_selection_review_update_20260625T015957Z,plant_ecwt_readiness_fixed_period_20260625T012416Z,plant_ecwt_readiness_fixed_period_20260625T012416Z:plant:eia860:2024:plant:2583,plant_ecwt_provisional_fixed_period_20260625T012402Z:plant:eia860:2024:plant:2583,plant_ecwt_provisional_fixed_period_20260625T012402Z:plant:eia860:2024:plant:2583,eia860:2024:plant:2583,717120-99999,needs_review,automated_policy_seed,system_policy_seed,station_country_not_us;station_state_missing;coverage_below_0_97;shared_station_gt_25_plants,4,needs_policy_cross_border_station,Manual review required before release because QA flags were present: station_country_not_us;station_state_missing;coverage_below_0_97;shared_station_gt_25_plants
station_selection_review_update_20260625T015957Z:station_selection:plant_ecwt_provisional_fixed_period_20260625T012402Z:plant:eia860:2024:plant:2590,station_selection_review_update_20260625T015957Z,plant_ecwt_readiness_fixed_period_20260625T012416Z,plant_ecwt_readiness_fixed_period_20260625T012416Z:plant:eia860:2024:plant:2590,plant_ecwt_provisional_fixed_period_20260625T012402Z:plant:eia860:2024:plant:2590,plant_ecwt_provisional_fixed_period_20260625T012402Z:plant:eia860:2024:plant:2590,eia860:2024:plant:2590,717120-99999,needs_review,automated_policy_seed,system_policy_seed,distance_gt_50km;selected_rank_gt_3;station_country_not_us;station_state_missing;coverage_below_0_97;shared_station_gt_25_plants,6,needs_policy_cross_border_station,Manual review required before release because QA flags were present: distance_gt_50km;selected_rank_gt_3;station_country_not_us;station_state_missing;coverage_below_0_97;shared_station_gt_25_plants
station_selection_review_update_20260625T015957Z:station_selection:plant_ecwt_provisional_fixed_period_20260625T012402Z:plant:eia860:2024:plant:2591,station_selection_review_update_20260625T015957Z,plant_ecwt_readiness_fixed_period_20260625T012416Z,plant_ecwt_readiness_fixed_period_20260625T012416Z:plant:eia860:2024:plant:2591,plant_ecwt_provisional_fixed_period_20260625T012402Z:plant:eia860:2024:plant:2591,plant_ecwt_provisional_fixed_period_20260625T012402Z:plant:eia860:2024:plant:2591,eia860:2024:plant:2591,717120-99999,needs_review,automated_policy_seed,system_policy_seed,distance_gt_50km;selected_rank_gt_3;station_country_not_us;station_state_missing;coverage_below_0_97;shared_station_gt_25_plants,6,needs_policy_cross_border_station,Manual review required before release because QA flags were present: distance_gt_50km;selected_rank_gt_3;station_country_not_us;station_state_missing;coverage_below_0_97;shared_station_gt_25_plants
station_selection_review_update_20260625T015957Z:station_selection:plant_ecwt_provisional_fixed_period_20260625T012402Z:plant:eia860:2024:plant:2597,station_selection_review_update_20260625T015957Z,plant_ecwt_readiness_fixed_period_20260625T012416Z,plant_ecwt_readiness_fixed_period_20260625T012416Z:plant:eia860:2024:plant:2597,plant_ecwt_provisional_fixed_period_20260625T012402Z:plant:eia860:2024:plant:2597,plant_ecwt_provisional_fixed_period_20260625T012402Z:plant:eia860:2024:plant:2597,eia860:2024:plant:2597,717120-99999,needs_review,automated_policy_seed,system_policy_seed,distance_gt_50km;selected_rank_gt_3;station_country_not_us;station_state_missing;coverage_below_0_97;shared_station_gt_25_plants,6,needs_policy_cross_border_station,Manual review required before release because QA flags were present: distance_gt_50km;selected_rank_gt_3;station_country_not_us;station_state_missing;coverage_below_0_97;shared_station_gt_25_plants
station_selection_review_update_20260625T015957Z:station_selection:plant_ecwt_provisional_fixed_period_20260625T012402Z:plant:eia860:2024:plant:2598,station_selection_review_update_20260625T015957Z,plant_ecwt_readiness_fixed_period_20260625T012416Z,plant_ecwt_readiness_fixed_period_20260625T012416Z:plant:eia860:2024:plant:2598,plant_ecwt_provisional_fixed_period_20260625T012402Z:plant:eia860:2024:plant:2598,plant_ecwt_provisional_fixed_period_20260625T012402Z:plant:eia860:2024:plant:2598,eia860:2024:plant:2598,717120-99999,needs_review,automated_policy_seed,system_policy_seed,distance_gt_75km;selected_rank_gt_3;station_country_not_us;station_state_missing;coverage_below_0_97;shared_station_gt_25_plants,6,needs_policy_cross_border_station,Manual review required before release because QA flags were present: distance_gt_75km;selected_rank_gt_3;station_country_not_us;station_state_missing;coverage_below_0_97;shared_station_gt_25_plants
station_selection_review_update_20260625T015957Z:station_selection:plant_ecwt_provisional_fixed_period_20260625T012402Z:plant:eia860:2024:plant:2600,station_selection_review_update_20260625T015957Z,plant_ecwt_readiness_fixed_period_20260625T012416Z,plant_ecwt_readiness_fixed_period_20260625T012416Z:plant:eia860:2024:plant:2600,plant_ecwt_provisional_fixed_period_20260625T012402Z:plant:eia860:2024:plant:2600,plant_ecwt_provisional_fixed_period_20260625T012402Z:plant:eia860:2024:plant:2600,eia860:2024:plant:2600,717120-99999,needs_review,automated_policy_seed,system_policy_seed,distance_gt_75km;selected_rank_gt_3;station_country_not_us;station_state_missing;coverage_below_0_97;shared_station_gt_25_plants,6,needs_policy_cross_border_station,Manual review required before release because QA flags were present: distance_gt_75km;selected_rank_gt_3;station_country_not_us;station_state_missing;coverage_below_0_97;shared_station_gt_25_plants
station_selection_review_update_20260625T015957Z:station_selection:plant_ecwt_provisional_fixed_period_20260625T012402Z:plant:eia860:2024:plant:2601,station_selection_review_update_20260625T015957Z,plant_ecwt_readiness_fixed_period_20260625T012416Z,plant_ecwt_readiness_fixed_period_20260625T012416Z:plant:eia860:2024:plant:2601,plant_ecwt_provisional_fixed_period_20260625T012402Z:plant:eia860:2024:plant:2601,plant_ecwt_provisional_fixed_period_20260625T012402Z:plant:eia860:2024:plant:2601,eia860:2024:plant:2601,717120-99999,needs_review,automated_policy_seed,system_policy_seed,distance_gt_50km;selected_rank_gt_3;station_country_not_us;station_state_missing;coverage_below_0_97;shared_station_gt_25_plants,6,needs_policy_cross_border_station,Manual review required before release because QA flags were present: distance_gt_50km;selected_rank_gt_3;station_country_not_us;station_state_missing;coverage_below_0_97;shared_station_gt_25_plants
station_selection_review_update_20260625T015957Z:station_selection:plant_ecwt_provisional_fixed_period_20260625T012402Z:plant:eia860:2024:plant:2611,station_selection_review_update_20260625T015957Z,plant_ecwt_readiness_fixed_period_20260625T012416Z,plant_ecwt_readiness_fixed_period_20260625T012416Z:plant:eia860:2024:plant:2611,plant_ecwt_provisional_fixed_period_20260625T012402Z:plant:eia860:2024:plant:2611,plant_ecwt_provisional_fixed_period_20260625T012402Z:plant:eia860:2024:plant:2611,eia860:2024:plant:2611,717120-99999,needs_review,automated_policy_seed,system_policy_seed,distance_gt_75km;selected_rank_gt_3;station_country_not_us;station_state_missing;coverage_below_0_97;shared_station_gt_25_plants,6,needs_policy_cross_border_station,Manual review required before release because QA flags were present: distance_gt_75km;selected_rank_gt_3;station_country_not_us;station_state_missing;coverage_below_0_97;shared_station_gt_25_plants
station_selection_review_update_20260625T015957Z:station_selection:plant_ecwt_provisional_fixed_period_20260625T012402Z:plant:eia860:2024:plant:2613,station_selection_review_update_20260625T015957Z,plant_ecwt_readiness_fixed_period_20260625T012416Z,plant_ecwt_readiness_fixed_period_20260625T012416Z:plant:eia860:2024:plant:2613,plant_ecwt_provisional_fixed_period_20260625T012402Z:plant:eia860:2024:plant:2613,plant_ecwt_provisional_fixed_period_20260625T012402Z:plant:eia860:2024:plant:2613,eia860:2024:plant:2613,717120-99999,needs_review,automated_policy_seed,system_policy_seed,distance_gt_75km;selected_rank_gt_3;station_country_not_us;station_state_missing;coverage_below_0_97;shared_station_gt_25_plants,6,needs_policy_cross_border_station,Manual review required before release because QA flags were present: distance_gt_75km;selected_rank_gt_3;station_country_not_us;station_state_missing;coverage_below_0_97;shared_station_gt_25_plants
station_selection_review_update_20260625T015957Z:station_selection:plant_ecwt_provisional_fixed_period_20260625T012402Z:plant:eia860:2024:plant:2616,station_selection_review_update_20260625T015957Z,plant_ecwt_readiness_fixed_period_20260625T012416Z,plant_ecwt_readiness_fixed_period_20260625T012416Z:plant:eia860:2024:plant:2616,plant_ecwt_provisional_fixed_period_20260625T012402Z:plant:eia860:2024:plant:2616,plant_ecwt_provisional_fixed_period_20260625T012402Z:plant:eia860:2024:plant:2616,eia860:2024:plant:2616,717120-99999,needs_review,automated_policy_seed,system_policy_seed,distance_gt_75km;selected_rank_gt_3;station_country_not_us;station_state_missing;coverage_below_0_97;shared_station_gt_25_plants,6,needs_policy_cross_border_station,Manual review required before release because QA flags were present: distance_gt_75km;selected_rank_gt_3;station_country_not_us;station_state_missing;coverage_below_0_97;shared_station_gt_25_plants
station_selection_review_update_20260625T015957Z:station_selection:plant_ecwt_provisional_fixed_period_20260625T012402Z:plant:eia860:2024:plant:2624,station_selection_review_update_20260625T015957Z,plant_ecwt_readiness_fixed_period_20260625T012416Z,plant_ecwt_readiness_fixed_period_20260625T012416Z:plant:eia860:2024:plant:2624,plant_ecwt_provisional_fixed_period_20260625T012402Z:plant:eia860:2024:plant:2624,plant_ecwt_provisional_fixed_period_20260625T012402Z:plant:eia860:2024:plant:2624,eia860:2024:plant:2624,717120-99999,needs_review,automated_policy_seed,system_policy_seed,distance_gt_50km;selected_rank_gt_3;station_country_not_us;station_state_missing;coverage_below_0_97;shared_station_gt_25_plants,6,needs_policy_cross_border_station,Manual review required before release because QA flags were present: distance_gt_50km;selected_rank_gt_3;station_country_not_us;station_state_missing;coverage_below_0_97;shared_station_gt_25_plants
station_selection_review_update_20260625T015957Z:station_selection:plant_ecwt_provisional_fixed_period_20260625T012402Z:plant:eia860:2024:plant:2694,station_selection_review_update_20260625T015957Z,plant_ecwt_readiness_fixed_period_20260625T012416Z,plant_ecwt_readiness_fixed_period_20260625T012416Z:plant:eia860:2024:plant:2694,plant_ecwt_provisional_fixed_period_20260625T012402Z:plant:eia860:2024:plant:2694,plant_ecwt_provisional_fixed_period_20260625T012402Z:plant:eia860:2024:plant:2694,eia860:2024:plant:2694,717120-99999,needs_review,automated_policy_seed,system_policy_seed,selected_rank_gt_3;station_country_not_us;station_state_missing;coverage_below_0_97;shared_station_gt_25_plants,5,needs_policy_cross_border_station,Manual review required before release because QA flags were present: selected_rank_gt_3;station_country_not_us;station_state_missing;coverage_below_0_97;shared_station_gt_25_plants
station_selection_review_update_20260625T015957Z:station_selection:plant_ecwt_provisional_fixed_period_20260625T012402Z:plant:eia860:2024:plant:50093,station_selection_review_update_20260625T015957Z,plant_ecwt_readiness_fixed_period_20260625T012416Z,plant_ecwt_readiness_fixed_period_20260625T012416Z:plant:eia860:2024:plant:50093,plant_ecwt_provisional_fixed_period_20260625T012402Z:plant:eia860:2024:plant:50093,plant_ecwt_provisional_fixed_period_20260625T012402Z:plant:eia860:2024:plant:50093,eia860:2024:plant:50093,717120-99999,needs_review,automated_policy_seed,system_policy_seed,selected_rank_gt_1;station_country_not_us;station_state_missing;coverage_below_0_97;shared_station_gt_25_plants,5,needs_policy_cross_border_station,Manual review required before release because QA flags were present: selected_rank_gt_1;station_country_not_us;station_state_missing;coverage_below_0_97;shared_station_gt_25_plants
station_selection_review_update_20260625T015957Z:station_selection:plant_ecwt_provisional_fixed_period_20260625T012402Z:plant:eia860:2024:plant:50268,station_selection_review_update_20260625T015957Z,plant_ecwt_readiness_fixed_period_20260625T012416Z,plant_ecwt_readiness_fixed_period_20260625T012416Z:plant:eia860:2024:plant:50268,plant_ecwt_provisional_fixed_period_20260625T012402Z:plant:eia860:2024:plant:50268,plant_ecwt_provisional_fixed_period_20260625T012402Z:plant:eia860:2024:plant:50268,eia860:2024:plant:50268,717120-99999,needs_review,automated_policy_seed,system_policy_seed,distance_gt_50km;selected_rank_gt_3;station_country_not_us;station_state_missing;coverage_below_0_97;shared_station_gt_25_plants,6,needs_policy_cross_border_station,Manual review required before release because QA flags were present: distance_gt_50km;selected_rank_gt_3;station_country_not_us;station_state_missing;coverage_below_0_97;shared_station_gt_25_plants
station_selection_review_update_20260625T015957Z:station_selection:plant_ecwt_provisional_fixed_period_20260625T012402Z:plant:eia860:2024:plant:50269,station_selection_review_update_20260625T015957Z,plant_ecwt_readiness_fixed_period_20260625T012416Z,plant_ecwt_readiness_fixed_period_20260625T012416Z:plant:eia860:2024:plant:50269,plant_ecwt_provisional_fixed_period_20260625T012402Z:plant:eia860:2024:plant:50269,plant_ecwt_provisional_fixed_period_20260625T012402Z:plant:eia860:2024:plant:50269,eia860:2024:plant:50269,717120-99999,needs_review,automated_policy_seed,system_policy_seed,distance_gt_50km;selected_rank_gt_3;station_country_not_us;station_state_missing;coverage_below_0_97;shared_station_gt_25_plants,6,needs_policy_cross_border_station,Manual review required before release because QA flags were present: distance_gt_50km;selected_rank_gt_3;station_country_not_us;station_state_missing;coverage_below_0_97;shared_station_gt_25_plants
station_selection_review_update_20260625T015957Z:station_selection:plant_ecwt_provisional_fixed_period_20260625T012402Z:plant:eia860:2024:plant:50315,station_selection_review_update_20260625T015957Z,plant_ecwt_readiness_fixed_period_20260625T012416Z,plant_ecwt_readiness_fixed_period_20260625T012416Z:plant:eia860:2024:plant:50315,plant_ecwt_provisional_fixed_period_20260625T012402Z:plant:eia860:2024:plant:50315,plant_ecwt_provisional_fixed_period_20260625T012402Z:plant:eia860:2024:plant:50315,eia860:2024:plant:50315,717120-99999,needs_review,automated_policy_seed,system_policy_seed,selected_rank_gt_1;station_country_not_us;station_state_missing;coverage_below_0_97;shared_station_gt_25_plants,5,needs_policy_cross_border_station,Manual review required before release because QA flags were present: selected_rank_gt_1;station_country_not_us;station_state_missing;coverage_below_0_97;shared_station_gt_25_plants
station_selection_review_update_20260625T015957Z:station_selection:plant_ecwt_provisional_fixed_period_20260625T012402Z:plant:eia860:2024:plant:54592,station_selection_review_update_20260625T015957Z,plant_ecwt_readiness_fixed_period_20260625T012416Z,plant_ecwt_readiness_fixed_period_20260625T012416Z:plant:eia860:2024:plant:54592,plant_ecwt_provisional_fixed_period_20260625T012402Z:plant:eia860:2024:plant:54592,plant_ecwt_provisional_fixed_period_20260625T012402Z:plant:eia860:2024:plant:54592,eia860:2024:plant:54592,717120-99999,needs_review,automated_policy_seed,system_policy_seed,distance_gt_50km;selected_rank_gt_3;station_country_not_us;station_state_missing;coverage_below_0_97;shared_station_gt_25_plants,6,needs_policy_cross_border_station,Manual review required before release because QA flags were present: distance_gt_50km;selected_rank_gt_3;station_country_not_us;station_state_missing;coverage_below_0_97;shared_station_gt_25_plants
station_selection_review_update_20260625T015957Z:station_selection:plant_ecwt_provisional_fixed_period_20260625T012402Z:plant:eia860:2024:plant:56618,station_selection_review_update_20260625T015957Z,plant_ecwt_readiness_fixed_period_20260625T012416Z,plant_ecwt_readiness_fixed_period_20260625T012416Z:plant:eia860:2024:plant:56618,plant_ecwt_provisional_fixed_period_20260625T012402Z:plant:eia860:2024:plant:56618,plant_ecwt_provisional_fixed_period_20260625T012402Z:plant:eia860:2024:plant:56618,eia860:2024:plant:56618,717120-99999,needs_review,automated_policy_seed,system_policy_seed,selected_rank_gt_3;station_country_not_us;station_state_missing;coverage_below_0_97;shared_station_gt_25_plants,5,needs_policy_cross_border_station,Manual review required before release because QA flags were present: selected_rank_gt_3;station_country_not_us;station_state_missing;coverage_below_0_97;shared_station_gt_25_plants
station_selection_review_update_20260625T015957Z:station_selection:plant_ecwt_provisional_fixed_period_20260625T012402Z:plant:eia860:2024:plant:56619,station_selection_review_update_20260625T015957Z,plant_ecwt_readiness_fixed_period_20260625T012416Z,plant_ecwt_readiness_fixed_period_20260625T012416Z:plant:eia860:2024:plant:56619,plant_ecwt_provisional_fixed_period_20260625T012402Z:plant:eia860:2024:plant:56619,plant_ecwt_provisional_fixed_period_20260625T012402Z:plant:eia860:2024:plant:56619,eia860:2024:plant:56619,717120-99999,needs_review,automated_policy_seed,system_policy_seed,selected_rank_gt_3;station_country_not_us;station_state_missing;coverage_below_0_97;shared_station_gt_25_plants,5,needs_policy_cross_border_station,Manual review required before release because QA flags were present: selected_rank_gt_3;station_country_not_us;station_state_missing;coverage_below_0_97;shared_station_gt_25_plants
station_selection_review_update_20260625T015957Z:station_selection:plant_ecwt_provisional_fixed_period_20260625T012402Z:plant:eia860:2024:plant:56857,station_selection_review_update_20260625T015957Z,plant_ecwt_readiness_fixed_period_20260625T012416Z,plant_ecwt_readiness_fixed_period_20260625T012416Z:plant:eia860:2024:plant:56857,plant_ecwt_provisional_fixed_period_20260625T012402Z:plant:eia860:2024:plant:56857,plant_ecwt_provisional_fixed_period_20260625T012402Z:plant:eia860:2024:plant:56857,eia860:2024:plant:56857,716140-99999,needs_review,automated_policy_seed,system_policy_seed,selected_rank_gt_3;station_country_not_us;station_state_missing;coverage_below_0_97;shared_station_gt_10_plants,5,needs_policy_cross_border_station,Manual review required before release because QA flags were present: selected_rank_gt_3;station_country_not_us;station_state_missing;coverage_below_0_97;shared_station_gt_10_plants
station_selection_review_update_20260625T015957Z:station_selection:plant_ecwt_provisional_fixed_period_20260625T012402Z:plant:eia860:2024:plant:56901,station_selection_review_update_20260625T015957Z,plant_ecwt_readiness_fixed_period_20260625T012416Z,plant_ecwt_readiness_fixed_period_20260625T012416Z:plant:eia860:2024:plant:56901,plant_ecwt_provisional_fixed_period_20260625T012402Z:plant:eia860:2024:plant:56901,plant_ecwt_provisional_fixed_period_20260625T012402Z:plant:eia860:2024:plant:56901,eia860:2024:plant:56901,716140-99999,needs_review,automated_policy_seed,system_policy_seed,selected_rank_gt_3;station_country_not_us;station_state_missing;coverage_below_0_97;shared_station_gt_10_plants,5,needs_policy_cross_border_station,Manual review required before release because QA flags were present: selected_rank_gt_3;station_country_not_us;station_state_missing;coverage_below_0_97;shared_station_gt_10_plants
station_selection_review_update_20260625T015957Z:station_selection:plant_ecwt_provisional_fixed_period_20260625T012402Z:plant:eia860:2024:plant:56904,station_selection_review_update_20260625T015957Z,plant_ecwt_readiness_fixed_period_20260625T012416Z,plant_ecwt_readiness_fixed_period_20260625T012416Z:plant:eia860:2024:plant:56904,plant_ecwt_provisional_fixed_period_20260625T012402Z:plant:eia860:2024:plant:56904,plant_ecwt_provisional_fixed_period_20260625T012402Z:plant:eia860:2024:plant:56904,eia860:2024:plant:56904,717120-99999,needs_review,automated_policy_seed,system_policy_seed,selected_rank_gt_1;station_country_not_us;station_state_missing;coverage_below_0_97;shared_station_gt_25_plants,5,needs_policy_cross_border_station,Manual review required before release because QA flags were present: selected_rank_gt_1;station_country_not_us;station_state_missing;coverage_below_0_97;shared_station_gt_25_plants
station_selection_review_update_20260625T015957Z:station_selection:plant_ecwt_provisional_fixed_period_20260625T012402Z:plant:eia860:2024:plant:59623,station_selection_review_update_20260625T015957Z,plant_ecwt_readiness_fixed_period_20260625T012416Z,plant_ecwt_readiness_fixed_period_20260625T012416Z:plant:eia860:2024:plant:59623,plant_ecwt_provisional_fixed_period_20260625T012402Z:plant:eia860:2024:plant:59623,plant_ecwt_provisional_fixed_period_20260625T012402Z:plant:eia860:2024:plant:59623,eia860:2024:plant:59623,717120-99999,needs_review,automated_policy_seed,system_policy_seed,distance_gt_50km;selected_rank_gt_3;station_country_not_us;station_state_missing;coverage_below_0_97;shared_station_gt_25_plants,6,needs_policy_cross_border_station,Manual review required before release because QA flags were present: distance_gt_50km;selected_rank_gt_3;station_country_not_us;station_state_missing;coverage_below_0_97;shared_station_gt_25_plants
station_selection_review_update_20260625T015957Z:station_selection:plant_ecwt_provisional_fixed_period_20260625T012402Z:plant:eia860:2024:plant:59629,station_selection_review_update_20260625T015957Z,plant_ecwt_readiness_fixed_period_20260625T012416Z,plant_ecwt_readiness_fixed_period_20260625T012416Z:plant:eia860:2024:plant:59629,plant_ecwt_provisional_fixed_period_20260625T012402Z:plant:eia860:2024:plant:59629,plant_ecwt_provisional_fixed_period_20260625T012402Z:plant:eia860:2024:plant:59629,eia860:2024:plant:59629,717120-99999,needs_review,automated_policy_seed,system_policy_seed,selected_rank_gt_1;station_country_not_us;station_state_missing;coverage_below_0_97;shared_station_gt_25_plants,5,needs_policy_cross_border_station,Manual review required before release because QA flags were present: selected_rank_gt_1;station_country_not_us;station_state_missing;coverage_below_0_97;shared_station_gt_25_plants
station_selection_review_update_20260625T015957Z:station_selection:plant_ecwt_provisional_fixed_period_20260625T012402Z:plant:eia860:2024:plant:62507,station_selection_review_update_20260625T015957Z,plant_ecwt_readiness_fixed_period_20260625T012416Z,plant_ecwt_readiness_fixed_period_20260625T012416Z:plant:eia860:2024:plant:62507,plant_ecwt_provisional_fixed_period_20260625T012402Z:plant:eia860:2024:plant:62507,plant_ecwt_provisional_fixed_period_20260625T012402Z:plant:eia860:2024:plant:62507,eia860:2024:plant:62507,716140-99999,needs_review,automated_policy_seed,system_policy_seed,selected_rank_gt_3;station_country_not_us;station_state_missing;coverage_below_0_97;shared_station_gt_10_plants,5,needs_policy_cross_border_station,Manual review required before release because QA flags were present: selected_rank_gt_3;station_country_not_us;station_state_missing;coverage_below_0_97;shared_station_gt_10_plants
station_selection_review_update_20260625T015957Z:station_selection:plant_ecwt_provisional_fixed_period_20260625T012402Z:plant:eia860:2024:plant:62530,station_selection_review_update_20260625T015957Z,plant_ecwt_readiness_fixed_period_20260625T012416Z,plant_ecwt_readiness_fixed_period_20260625T012416Z:plant:eia860:2024:plant:62530,plant_ecwt_provisional_fixed_period_20260625T012402Z:plant:eia860:2024:plant:62530,plant_ecwt_provisional_fixed_period_20260625T012402Z:plant:eia860:2024:plant:62530,eia860:2024:plant:62530,716140-99999,needs_review,automated_policy_seed,system_policy_seed,selected_rank_gt_3;station_country_not_us;station_state_missing;coverage_below_0_97;shared_station_gt_10_plants,5,needs_policy_cross_border_station,Manual review required before release because QA flags were present: selected_rank_gt_3;station_country_not_us;station_state_missing;coverage_below_0_97;shared_station_gt_10_plants
station_selection_review_update_20260625T015957Z:station_selection:plant_ecwt_provisional_fixed_period_20260625T012402Z:plant:eia860:2024:plant:62531,station_selection_review_update_20260625T015957Z,plant_ecwt_readiness_fixed_period_20260625T012416Z,plant_ecwt_readiness_fixed_period_20260625T012416Z:plant:eia860:2024:plant:62531,plant_ecwt_provisional_fixed_period_20260625T012402Z:plant:eia860:2024:plant:62531,plant_ecwt_provisional_fixed_period_20260625T012402Z:plant:eia860:2024:plant:62531,eia860:2024:plant:62531,716140-99999,needs_review,automated_policy_seed,system_policy_seed,selected_rank_gt_3;station_country_not_us;station_state_missing;coverage_below_0_97;shared_station_gt_10_plants,5,needs_policy_cross_border_station,Manual review required before release because QA flags were present: selected_rank_gt_3;station_country_not_us;station_state_missing;coverage_below_0_97;shared_station_gt_10_plants
station_selection_review_update_20260625T015957Z:station_selection:plant_ecwt_provisional_fixed_period_20260625T012402Z:plant:eia860:2024:plant:62532,station_selection_review_update_20260625T015957Z,plant_ecwt_readiness_fixed_period_20260625T012416Z,plant_ecwt_readiness_fixed_period_20260625T012416Z:plant:eia860:2024:plant:62532,plant_ecwt_provisional_fixed_period_20260625T012402Z:plant:eia860:2024:plant:62532,plant_ecwt_provisional_fixed_period_20260625T012402Z:plant:eia860:2024:plant:62532,eia860:2024:plant:62532,716140-99999,needs_review,automated_policy_seed,system_policy_seed,selected_rank_gt_3;station_country_not_us;station_state_missing;coverage_below_0_97;shared_station_gt_10_plants,5,needs_policy_cross_border_station,Manual review required before release because QA flags were present: selected_rank_gt_3;station_country_not_us;station_state_missing;coverage_below_0_97;shared_station_gt_10_plants
station_selection_review_update_20260625T015957Z:station_selection:plant_ecwt_provisional_fixed_period_20260625T012402Z:plant:eia860:2024:plant:62533,station_selection_review_update_20260625T015957Z,plant_ecwt_readiness_fixed_period_20260625T012416Z,plant_ecwt_readiness_fixed_period_20260625T012416Z:plant:eia860:2024:plant:62533,plant_ecwt_provisional_fixed_period_20260625T012402Z:plant:eia860:2024:plant:62533,plant_ecwt_provisional_fixed_period_20260625T012402Z:plant:eia860:2024:plant:62533,eia860:2024:plant:62533,716140-99999,needs_review,automated_policy_seed,system_policy_seed,selected_rank_gt_3;station_country_not_us;station_state_missing;coverage_below_0_97;shared_station_gt_10_plants,5,needs_policy_cross_border_station,Manual review required before release because QA flags were present: selected_rank_gt_3;station_country_not_us;station_state_missing;coverage_below_0_97;shared_station_gt_10_plants
station_selection_review_update_20260625T015957Z:station_selection:plant_ecwt_provisional_fixed_period_20260625T012402Z:plant:eia860:2024:plant:62784,station_selection_review_update_20260625T015957Z,plant_ecwt_readiness_fixed_period_20260625T012416Z,plant_ecwt_readiness_fixed_period_20260625T012416Z:plant:eia860:2024:plant:62784,plant_ecwt_provisional_fixed_period_20260625T012402Z:plant:eia860:2024:plant:62784,plant_ecwt_provisional_fixed_period_20260625T012402Z:plant:eia860:2024:plant:62784,eia860:2024:plant:62784,717120-99999,needs_review,automated_policy_seed,system_policy_seed,station_country_not_us;station_state_missing;coverage_below_0_97;shared_station_gt_25_plants,4,needs_policy_cross_border_station,Manual review required before release because QA flags were present: station_country_not_us;station_state_missing;coverage_below_0_97;shared_station_gt_25_plants
station_selection_review_update_20260625T015957Z:station_selection:plant_ecwt_provisional_fixed_period_20260625T012402Z:plant:eia860:2024:plant:62785,station_selection_review_update_20260625T015957Z,plant_ecwt_readiness_fixed_period_20260625T012416Z,plant_ecwt_readiness_fixed_period_20260625T012416Z:plant:eia860:2024:plant:62785,plant_ecwt_provisional_fixed_period_20260625T012402Z:plant:eia860:2024:plant:62785,plant_ecwt_provisional_fixed_period_20260625T012402Z:plant:eia860:2024:plant:62785,eia860:2024:plant:62785,717120-99999,needs_review,automated_policy_seed,system_policy_seed,station_country_not_us;station_state_missing;coverage_below_0_97;shared_station_gt_25_plants,4,needs_policy_cross_border_station,Manual review required before release because QA flags were present: station_country_not_us;station_state_missing;coverage_below_0_97;shared_station_gt_25_plants
station_selection_review_update_20260625T015957Z:station_selection:plant_ecwt_provisional_fixed_period_20260625T012402Z:plant:eia860:2024:plant:63238,station_selection_review_update_20260625T015957Z,plant_ecwt_readiness_fixed_period_20260625T012416Z,plant_ecwt_readiness_fixed_period_20260625T012416Z:plant:eia860:2024:plant:63238,plant_ecwt_provisional_fixed_period_20260625T012402Z:plant:eia860:2024:plant:63238,plant_ecwt_provisional_fixed_period_20260625T012402Z:plant:eia860:2024:plant:63238,eia860:2024:plant:63238,717120-99999,needs_review,automated_policy_seed,system_policy_seed,selected_rank_gt_1;station_country_not_us;station_state_missing;coverage_below_0_97;shared_station_gt_25_plants,5,needs_policy_cross_border_station,Manual review required before release because QA flags were present: selected_rank_gt_1;station_country_not_us;station_state_missing;coverage_below_0_97;shared_station_gt_25_plants
station_selection_review_update_20260625T015957Z:station_selection:plant_ecwt_provisional_fixed_period_20260625T012402Z:plant:eia860:2024:plant:63772,station_selection_review_update_20260625T015957Z,plant_ecwt_readiness_fixed_period_20260625T012416Z,plant_ecwt_readiness_fixed_period_20260625T012416Z:plant:eia860:2024:plant:63772,plant_ecwt_provisional_fixed_period_20260625T012402Z:plant:eia860:2024:plant:63772,plant_ecwt_provisional_fixed_period_20260625T012402Z:plant:eia860:2024:plant:63772,eia860:2024:plant:63772,716140-99999,needs_review,automated_policy_seed,system_policy_seed,selected_rank_gt_3;station_country_not_us;station_state_missing;coverage_below_0_97;shared_station_gt_10_plants,5,needs_policy_cross_border_station,Manual review required before release because QA flags were present: selected_rank_gt_3;station_country_not_us;station_state_missing;coverage_below_0_97;shared_station_gt_10_plants
station_selection_review_update_20260625T015957Z:station_selection:plant_ecwt_provisional_fixed_period_20260625T012402Z:plant:eia860:2024:plant:65379,station_selection_review_update_20260625T015957Z,plant_ecwt_readiness_fixed_period_20260625T012416Z,plant_ecwt_readiness_fixed_period_20260625T012416Z:plant:eia860:2024:plant:65379,plant_ecwt_provisional_fixed_period_20260625T012402Z:plant:eia860:2024:plant:65379,plant_ecwt_provisional_fixed_period_20260625T012402Z:plant:eia860:2024:plant:65379,eia860:2024:plant:65379,717120-99999,needs_review,automated_policy_seed,system_policy_seed,station_country_not_us;station_state_missing;coverage_below_0_97;shared_station_gt_25_plants,4,needs_policy_cross_border_station,Manual review required before release because QA flags were present: station_country_not_us;station_state_missing;coverage_below_0_97;shared_station_gt_25_plants
station_selection_review_update_20260625T015957Z:station_selection:plant_ecwt_provisional_fixed_period_20260625T012402Z:plant:eia860:2024:plant:66529,station_selection_review_update_20260625T015957Z,plant_ecwt_readiness_fixed_period_20260625T012416Z,plant_ecwt_readiness_fixed_period_20260625T012416Z:plant:eia860:2024:plant:66529,plant_ecwt_provisional_fixed_period_20260625T012402Z:plant:eia860:2024:plant:66529,plant_ecwt_provisional_fixed_period_20260625T012402Z:plant:eia860:2024:plant:66529,eia860:2024:plant:66529,717120-99999,needs_review,automated_policy_seed,system_policy_seed,distance_gt_50km;selected_rank_gt_3;station_country_not_us;station_state_missing;coverage_below_0_97;shared_station_gt_25_plants,6,needs_policy_cross_border_station,Manual review required before release because QA flags were present: distance_gt_50km;selected_rank_gt_3;station_country_not_us;station_state_missing;coverage_below_0_97;shared_station_gt_25_plants
station_selection_review_update_20260625T015957Z:station_selection:plant_ecwt_provisional_fixed_period_20260625T012402Z:plant:eia860:2024:plant:66530,station_selection_review_update_20260625T015957Z,plant_ecwt_readiness_fixed_period_20260625T012416Z,plant_ecwt_readiness_fixed_period_20260625T012416Z:plant:eia860:2024:plant:66530,plant_ecwt_provisional_fixed_period_20260625T012402Z:plant:eia860:2024:plant:66530,plant_ecwt_provisional_fixed_period_20260625T012402Z:plant:eia860:2024:plant:66530,eia860:2024:plant:66530,717120-99999,needs_review,automated_policy_seed,system_policy_seed,distance_gt_50km;selected_rank_gt_3;station_country_not_us;station_state_missing;coverage_below_0_97;shared_station_gt_25_plants,6,needs_policy_cross_border_station,Manual review required before release because QA flags were present: distance_gt_50km;selected_rank_gt_3;station_country_not_us;station_state_missing;coverage_below_0_97;shared_station_gt_25_plants
station_selection_review_update_20260625T015957Z:station_selection:plant_ecwt_provisional_fixed_period_20260625T012402Z:plant:eia860:2024:plant:67599,station_selection_review_update_20260625T015957Z,plant_ecwt_readiness_fixed_period_20260625T012416Z,plant_ecwt_readiness_fixed_period_20260625T012416Z:plant:eia860:2024:plant:67599,plant_ecwt_provisional_fixed_period_20260625T012402Z:plant:eia860:2024:plant:67599,plant_ecwt_provisional_fixed_period_20260625T012402Z:plant:eia860:2024:plant:67599,eia860:2024:plant:67599,716140-99999,needs_review,automated_policy_seed,system_policy_seed,selected_rank_gt_3;station_country_not_us;station_state_missing;coverage_below_0_97;shared_station_gt_10_plants,5,needs_policy_cross_border_station,Manual review required before release because QA flags were present: selected_rank_gt_3;station_country_not_us;station_state_missing;coverage_below_0_97;shared_station_gt_10_plants
station_selection_review_update_20260625T015957Z:station_selection:plant_ecwt_provisional_fixed_period_20260625T012402Z:plant:eia860:2024:plant:67600,station_selection_review_update_20260625T015957Z,plant_ecwt_readiness_fixed_period_20260625T012416Z,plant_ecwt_readiness_fixed_period_20260625T012416Z:plant:eia860:2024:plant:67600,plant_ecwt_provisional_fixed_period_20260625T012402Z:plant:eia860:2024:plant:67600,plant_ecwt_provisional_fixed_period_20260625T012402Z:plant:eia860:2024:plant:67600,eia860:2024:plant:67600,716140-99999,needs_review,automated_policy_seed,system_policy_seed,selected_rank_gt_3;station_country_not_us;station_state_missing;coverage_below_0_97;shared_station_gt_10_plants,5,needs_policy_cross_border_station,Manual review required before release because QA flags were present: selected_rank_gt_3;station_country_not_us;station_state_missing;coverage_below_0_97;shared_station_gt_10_plants
station_selection_review_update_20260625T015957Z:station_selection:plant_ecwt_provisional_fixed_period_20260625T012402Z:plant:eia860:2024:plant:67631,station_selection_review_update_20260625T015957Z,plant_ecwt_readiness_fixed_period_20260625T012416Z,plant_ecwt_readiness_fixed_period_20260625T012416Z:plant:eia860:2024:plant:67631,plant_ecwt_provisional_fixed_period_20260625T012402Z:plant:eia860:2024:plant:67631,plant_ecwt_provisional_fixed_period_20260625T012402Z:plant:eia860:2024:plant:67631,eia860:2024:plant:67631,716140-99999,needs_review,automated_policy_seed,system_policy_seed,selected_rank_gt_3;station_country_not_us;station_state_missing;coverage_below_0_97;shared_station_gt_10_plants,5,needs_policy_cross_border_station,Manual review required before release because QA flags were present: selected_rank_gt_3;station_country_not_us;station_state_missing;coverage_below_0_97;shared_station_gt_10_plants
station_selection_review_update_20260625T015957Z:station_selection:plant_ecwt_provisional_fixed_period_20260625T012402Z:plant:eia860:2024:plant:68389,station_selection_review_update_20260625T015957Z,plant_ecwt_readiness_fixed_period_20260625T012416Z,plant_ecwt_readiness_fixed_period_20260625T012416Z:plant:eia860:2024:plant:68389,plant_ecwt_provisional_fixed_period_20260625T012402Z:plant:eia860:2024:plant:68389,plant_ecwt_provisional_fixed_period_20260625T012402Z:plant:eia860:2024:plant:68389,eia860:2024:plant:68389,717120-99999,needs_review,automated_policy_seed,system_policy_seed,selected_rank_gt_1;station_country_not_us;station_state_missing;coverage_below_0_97;shared_station_gt_25_plants,5,needs_policy_cross_border_station,Manual review required before release because QA flags were present: selected_rank_gt_1;station_country_not_us;station_state_missing;coverage_below_0_97;shared_station_gt_25_plants
station_selection_review_update_20260625T015957Z:station_selection:plant_ecwt_provisional_fixed_period_20260625T012402Z:plant:eia860:2024:plant:68473,station_selection_review_update_20260625T015957Z,plant_ecwt_readiness_fixed_period_20260625T012416Z,plant_ecwt_readiness_fixed_period_20260625T012416Z:plant:eia860:2024:plant:68473,plant_ecwt_provisional_fixed_period_20260625T012402Z:plant:eia860:2024:plant:68473,plant_ecwt_provisional_fixed_period_20260625T012402Z:plant:eia860:2024:plant:68473,eia860:2024:plant:68473,717120-99999,needs_review,automated_policy_seed,system_policy_seed,selected_rank_gt_1;station_country_not_us;station_state_missing;coverage_below_0_97;shared_station_gt_25_plants,5,needs_policy_cross_border_station,Manual review required before release because QA flags were present: selected_rank_gt_1;station_country_not_us;station_state_missing;coverage_below_0_97;shared_station_gt_25_plants
station_selection_review_update_20260625T015957Z:station_selection:plant_ecwt_provisional_fixed_period_20260625T012402Z:plant:eia860:2024:plant:68636,station_selection_review_update_20260625T015957Z,plant_ecwt_readiness_fixed_period_20260625T012416Z,plant_ecwt_readiness_fixed_period_20260625T012416Z:plant:eia860:2024:plant:68636,plant_ecwt_provisional_fixed_period_20260625T012402Z:plant:eia860:2024:plant:68636,plant_ecwt_provisional_fixed_period_20260625T012402Z:plant:eia860:2024:plant:68636,eia860:2024:plant:68636,717120-99999,needs_review,automated_policy_seed,system_policy_seed,distance_gt_50km;selected_rank_gt_1;station_country_not_us;station_state_missing;coverage_below_0_97;shared_station_gt_25_plants,6,needs_policy_cross_border_station,Manual review required before release because QA flags were present: distance_gt_50km;selected_rank_gt_1;station_country_not_us;station_state_missing;coverage_below_0_97;shared_station_gt_25_plants
station_selection_review_update_20260625T015957Z:station_selection:plant_ecwt_provisional_fixed_period_20260625T012402Z:plant:eia860:2024:plant:68637,station_selection_review_update_20260625T015957Z,plant_ecwt_readiness_fixed_period_20260625T012416Z,plant_ecwt_readiness_fixed_period_20260625T012416Z:plant:eia860:2024:plant:68637,plant_ecwt_provisional_fixed_period_20260625T012402Z:plant:eia860:2024:plant:68637,plant_ecwt_provisional_fixed_period_20260625T012402Z:plant:eia860:2024:plant:68637,eia860:2024:plant:68637,717120-99999,needs_review,automated_policy_seed,system_policy_seed,selected_rank_gt_1;station_country_not_us;station_state_missing;coverage_below_0_97;shared_station_gt_25_plants,5,needs_policy_cross_border_station,Manual review required before release because QA flags were present: selected_rank_gt_1;station_country_not_us;station_state_missing;coverage_below_0_97;shared_station_gt_25_plants
station_selection_review_update_20260625T015957Z:station_selection:plant_ecwt_provisional_fixed_period_20260625T012402Z:plant:eia860:2024:plant:68638,station_selection_review_update_20260625T015957Z,plant_ecwt_readiness_fixed_period_20260625T012416Z,plant_ecwt_readiness_fixed_period_20260625T012416Z:plant:eia860:2024:plant:68638,plant_ecwt_provisional_fixed_period_20260625T012402Z:plant:eia860:2024:plant:68638,plant_ecwt_provisional_fixed_period_20260625T012402Z:plant:eia860:2024:plant:68638,eia860:2024:plant:68638,717120-99999,needs_review,automated_policy_seed,system_policy_seed,distance_gt_50km;selected_rank_gt_1;station_country_not_us;station_state_missing;coverage_below_0_97;shared_station_gt_25_plants,6,needs_policy_cross_border_station,Manual review required before release because QA flags were present: distance_gt_50km;selected_rank_gt_1;station_country_not_us;station_state_missing;coverage_below_0_97;shared_station_gt_25_plants
station_selection_review_update_20260625T015957Z:station_selection:plant_ecwt_provisional_fixed_period_20260625T012402Z:plant:eia860:2024:plant:299,station_selection_review_update_20260625T015957Z,plant_ecwt_readiness_fixed_period_20260625T012416Z,plant_ecwt_readiness_fixed_period_20260625T012416Z:plant:eia860:2024:plant:299,plant_ecwt_provisional_fixed_period_20260625T012402Z:plant:eia860:2024:plant:299,plant_ecwt_provisional_fixed_period_20260625T012402Z:plant:eia860:2024:plant:299,eia860:2024:plant:299,724797-23176,needs_review,automated_policy_seed,system_policy_seed,selected_rank_gt_1;coverage_below_0_97;shared_station_gt_25_plants,3,needs_review_near_threshold_coverage,Manual review required before release because QA flags were present: selected_rank_gt_1;coverage_below_0_97;shared_station_gt_25_plants
station_selection_review_update_20260625T015957Z:station_selection:plant_ecwt_provisional_fixed_period_20260625T012402Z:plant:eia860:2024:plant:3643,station_selection_review_update_20260625T015957Z,plant_ecwt_readiness_fixed_period_20260625T012416Z,plant_ecwt_readiness_fixed_period_20260625T012416Z:plant:eia860:2024:plant:3643,plant_ecwt_provisional_fixed_period_20260625T012402Z:plant:eia860:2024:plant:3643,plant_ecwt_provisional_fixed_period_20260625T012402Z:plant:eia860:2024:plant:3643,eia860:2024:plant:3643,724797-23176,needs_review,automated_policy_seed,system_policy_seed,selected_rank_gt_1;coverage_below_0_97;shared_station_gt_25_plants,3,needs_review_near_threshold_coverage,Manual review required before release because QA flags were present: selected_rank_gt_1;coverage_below_0_97;shared_station_gt_25_plants
station_selection_review_update_20260625T015957Z:station_selection:plant_ecwt_provisional_fixed_period_20260625T012402Z:plant:eia860:2024:plant:57079,station_selection_review_update_20260625T015957Z,plant_ecwt_readiness_fixed_period_20260625T012416Z,plant_ecwt_readiness_fixed_period_20260625T012416Z:plant:eia860:2024:plant:57079,plant_ecwt_provisional_fixed_period_20260625T012402Z:plant:eia860:2024:plant:57079,plant_ecwt_provisional_fixed_period_20260625T012402Z:plant:eia860:2024:plant:57079,eia860:2024:plant:57079,724797-23176,needs_review,automated_policy_seed,system_policy_seed,selected_rank_gt_1;coverage_below_0_97;shared_station_gt_25_plants,3,needs_review_near_threshold_coverage,Manual review required before release because QA flags were present: selected_rank_gt_1;coverage_below_0_97;shared_station_gt_25_plants
station_selection_review_update_20260625T015957Z:station_selection:plant_ecwt_provisional_fixed_period_20260625T012402Z:plant:eia860:2024:plant:57107,station_selection_review_update_20260625T015957Z,plant_ecwt_readiness_fixed_period_20260625T012416Z,plant_ecwt_readiness_fixed_period_20260625T012416Z:plant:eia860:2024:plant:57107,plant_ecwt_provisional_fixed_period_20260625T012402Z:plant:eia860:2024:plant:57107,plant_ecwt_provisional_fixed_period_20260625T012402Z:plant:eia860:2024:plant:57107,eia860:2024:plant:57107,724797-23176,needs_review,automated_policy_seed,system_policy_seed,selected_rank_gt_1;coverage_below_0_97;shared_station_gt_25_plants,3,needs_review_near_threshold_coverage,Manual review required before release because QA flags were present: selected_rank_gt_1;coverage_below_0_97;shared_station_gt_25_plants
station_selection_review_update_20260625T015957Z:station_selection:plant_ecwt_provisional_fixed_period_20260625T012402Z:plant:eia860:2024:plant:57353,station_selection_review_update_20260625T015957Z,plant_ecwt_readiness_fixed_period_20260625T012416Z,plant_ecwt_readiness_fixed_period_20260625T012416Z:plant:eia860:2024:plant:57353,plant_ecwt_provisional_fixed_period_20260625T012402Z:plant:eia860:2024:plant:57353,plant_ecwt_provisional_fixed_period_20260625T012402Z:plant:eia860:2024:plant:57353,eia860:2024:plant:57353,724797-23176,needs_review,automated_policy_seed,system_policy_seed,selected_rank_gt_1;coverage_below_0_97;shared_station_gt_25_plants,3,needs_review_near_threshold_coverage,Manual review required before release because QA flags were present: selected_rank_gt_1;coverage_below_0_97;shared_station_gt_25_plants
station_selection_review_update_20260625T015957Z:station_selection:plant_ecwt_provisional_fixed_period_20260625T012402Z:plant:eia860:2024:plant:58130,station_selection_review_update_20260625T015957Z,plant_ecwt_readiness_fixed_period_20260625T012416Z,plant_ecwt_readiness_fixed_period_20260625T012416Z:plant:eia860:2024:plant:58130,plant_ecwt_provisional_fixed_period_20260625T012402Z:plant:eia860:2024:plant:58130,plant_ecwt_provisional_fixed_period_20260625T012402Z:plant:eia860:2024:plant:58130,eia860:2024:plant:58130,724797-23176,needs_review,automated_policy_seed,system_policy_seed,selected_rank_gt_1;coverage_below_0_97;shared_station_gt_25_plants,3,needs_review_near_threshold_coverage,Manual review required before release because QA flags were present: selected_rank_gt_1;coverage_below_0_97;shared_station_gt_25_plants
station_selection_review_update_20260625T015957Z:station_selection:plant_ecwt_provisional_fixed_period_20260625T012402Z:plant:eia860:2024:plant:58570,station_selection_review_update_20260625T015957Z,plant_ecwt_readiness_fixed_period_20260625T012416Z,plant_ecwt_readiness_fixed_period_20260625T012416Z:plant:eia860:2024:plant:58570,plant_ecwt_provisional_fixed_period_20260625T012402Z:plant:eia860:2024:plant:58570,plant_ecwt_provisional_fixed_period_20260625T012402Z:plant:eia860:2024:plant:58570,eia860:2024:plant:58570,724797-23176,needs_review,automated_policy_seed,system_policy_seed,selected_rank_gt_1;coverage_below_0_97;shared_station_gt_25_plants,3,needs_review_near_threshold_coverage,Manual review required before release because QA flags were present: selected_rank_gt_1;coverage_below_0_97;shared_station_gt_25_plants
station_selection_review_update_20260625T015957Z:station_selection:plant_ecwt_provisional_fixed_period_20260625T012402Z:plant:eia860:2024:plant:58598,station_selection_review_update_20260625T015957Z,plant_ecwt_readiness_fixed_period_20260625T012416Z,plant_ecwt_readiness_fixed_period_20260625T012416Z:plant:eia860:2024:plant:58598,plant_ecwt_provisional_fixed_period_20260625T012402Z:plant:eia860:2024:plant:58598,plant_ecwt_provisional_fixed_period_20260625T012402Z:plant:eia860:2024:plant:58598,eia860:2024:plant:58598,724797-23176,needs_review,automated_policy_seed,system_policy_seed,distance_gt_75km;selected_rank_gt_3;coverage_below_0_97;shared_station_gt_25_plants,4,needs_review_high_distance,Manual review required before release because QA flags were present: distance_gt_75km;selected_rank_gt_3;coverage_below_0_97;shared_station_gt_25_plants
station_selection_review_update_20260625T015957Z:station_selection:plant_ecwt_provisional_fixed_period_20260625T012402Z:plant:eia860:2024:plant:58599,station_selection_review_update_20260625T015957Z,plant_ecwt_readiness_fixed_period_20260625T012416Z,plant_ecwt_readiness_fixed_period_20260625T012416Z:plant:eia860:2024:plant:58599,plant_ecwt_provisional_fixed_period_20260625T012402Z:plant:eia860:2024:plant:58599,plant_ecwt_provisional_fixed_period_20260625T012402Z:plant:eia860:2024:plant:58599,eia860:2024:plant:58599,724797-23176,needs_review,automated_policy_seed,system_policy_seed,distance_gt_50km;selected_rank_gt_3;coverage_below_0_97;shared_station_gt_25_plants,4,needs_review_high_candidate_rank,Manual review required before release because QA flags were present: distance_gt_50km;selected_rank_gt_3;coverage_below_0_97;shared_station_gt_25_plants
station_selection_review_update_20260625T015957Z:station_selection:plant_ecwt_provisional_fixed_period_20260625T012402Z:plant:eia860:2024:plant:58600,station_selection_review_update_20260625T015957Z,plant_ecwt_readiness_fixed_period_20260625T012416Z,plant_ecwt_readiness_fixed_period_20260625T012416Z:plant:eia860:2024:plant:58600,plant_ecwt_provisional_fixed_period_20260625T012402Z:plant:eia860:2024:plant:58600,plant_ecwt_provisional_fixed_period_20260625T012402Z:plant:eia860:2024:plant:58600,eia860:2024:plant:58600,724797-23176,needs_review,automated_policy_seed,system_policy_seed,distance_gt_50km;selected_rank_gt_1;coverage_below_0_97;shared_station_gt_25_plants,4,needs_review_near_threshold_coverage,Manual review required before release because QA flags were present: distance_gt_50km;selected_rank_gt_1;coverage_below_0_97;shared_station_gt_25_plants
station_selection_review_update_20260625T015957Z:station_selection:plant_ecwt_provisional_fixed_period_20260625T012402Z:plant:eia860:2024:plant:58601,station_selection_review_update_20260625T015957Z,plant_ecwt_readiness_fixed_period_20260625T012416Z,plant_ecwt_readiness_fixed_period_20260625T012416Z:plant:eia860:2024:plant:58601,plant_ecwt_provisional_fixed_period_20260625T012402Z:plant:eia860:2024:plant:58601,plant_ecwt_provisional_fixed_period_20260625T012402Z:plant:eia860:2024:plant:58601,eia860:2024:plant:58601,724797-23176,needs_review,automated_policy_seed,system_policy_seed,selected_rank_gt_1;coverage_below_0_97;shared_station_gt_25_plants,3,needs_review_near_threshold_coverage,Manual review required before release because QA flags were present: selected_rank_gt_1;coverage_below_0_97;shared_station_gt_25_plants
station_selection_review_update_20260625T015957Z:station_selection:plant_ecwt_provisional_fixed_period_20260625T012402Z:plant:eia860:2024:plant:58602,station_selection_review_update_20260625T015957Z,plant_ecwt_readiness_fixed_period_20260625T012416Z,plant_ecwt_readiness_fixed_period_20260625T012416Z:plant:eia860:2024:plant:58602,plant_ecwt_provisional_fixed_period_20260625T012402Z:plant:eia860:2024:plant:58602,plant_ecwt_provisional_fixed_period_20260625T012402Z:plant:eia860:2024:plant:58602,eia860:2024:plant:58602,724797-23176,needs_review,automated_policy_seed,system_policy_seed,selected_rank_gt_1;coverage_below_0_97;shared_station_gt_25_plants,3,needs_review_near_threshold_coverage,Manual review required before release because QA flags were present: selected_rank_gt_1;coverage_below_0_97;shared_station_gt_25_plants
station_selection_review_update_20260625T015957Z:station_selection:plant_ecwt_provisional_fixed_period_20260625T012402Z:plant:eia860:2024:plant:58603,station_selection_review_update_20260625T015957Z,plant_ecwt_readiness_fixed_period_20260625T012416Z,plant_ecwt_readiness_fixed_period_20260625T012416Z:plant:eia860:2024:plant:58603,plant_ecwt_provisional_fixed_period_20260625T012402Z:plant:eia860:2024:plant:58603,plant_ecwt_provisional_fixed_period_20260625T012402Z:plant:eia860:2024:plant:58603,eia860:2024:plant:58603,724797-23176,needs_review,automated_policy_seed,system_policy_seed,selected_rank_gt_1;coverage_below_0_97;shared_station_gt_25_plants,3,needs_review_near_threshold_coverage,Manual review required before release because QA flags were present: selected_rank_gt_1;coverage_below_0_97;shared_station_gt_25_plants
station_selection_review_update_20260625T015957Z:station_selection:plant_ecwt_provisional_fixed_period_20260625T012402Z:plant:eia860:2024:plant:58604,station_selection_review_update_20260625T015957Z,plant_ecwt_readiness_fixed_period_20260625T012416Z,plant_ecwt_readiness_fixed_period_20260625T012416Z:plant:eia860:2024:plant:58604,plant_ecwt_provisional_fixed_period_20260625T012402Z:plant:eia860:2024:plant:58604,plant_ecwt_provisional_fixed_period_20260625T012402Z:plant:eia860:2024:plant:58604,eia860:2024:plant:58604,724797-23176,needs_review,automated_policy_seed,system_policy_seed,selected_rank_gt_1;coverage_below_0_97;shared_station_gt_25_plants,3,needs_review_near_threshold_coverage,Manual review required before release because QA flags were present: selected_rank_gt_1;coverage_below_0_97;shared_station_gt_25_plants
station_selection_review_update_20260625T015957Z:station_selection:plant_ecwt_provisional_fixed_period_20260625T012402Z:plant:eia860:2024:plant:58660,station_selection_review_update_20260625T015957Z,plant_ecwt_readiness_fixed_period_20260625T012416Z,plant_ecwt_readiness_fixed_period_20260625T012416Z:plant:eia860:2024:plant:58660,plant_ecwt_provisional_fixed_period_20260625T012402Z:plant:eia860:2024:plant:58660,plant_ecwt_provisional_fixed_period_20260625T012402Z:plant:eia860:2024:plant:58660,eia860:2024:plant:58660,724797-23176,needs_review,automated_policy_seed,system_policy_seed,distance_gt_50km;selected_rank_gt_3;coverage_below_0_97;shared_station_gt_25_plants,4,needs_review_high_candidate_rank,Manual review required before release because QA flags were present: distance_gt_50km;selected_rank_gt_3;coverage_below_0_97;shared_station_gt_25_plants
station_selection_review_update_20260625T015957Z:station_selection:plant_ecwt_provisional_fixed_period_20260625T012402Z:plant:eia860:2024:plant:59386,station_selection_review_update_20260625T015957Z,plant_ecwt_readiness_fixed_period_20260625T012416Z,plant_ecwt_readiness_fixed_period_20260625T012416Z:plant:eia860:2024:plant:59386,plant_ecwt_provisional_fixed_period_20260625T012402Z:plant:eia860:2024:plant:59386,plant_ecwt_provisional_fixed_period_20260625T012402Z:plant:eia860:2024:plant:59386,eia860:2024:plant:59386,724797-23176,needs_review,automated_policy_seed,system_policy_seed,distance_gt_75km;selected_rank_gt_3;coverage_below_0_97;shared_station_gt_25_plants,4,needs_review_high_distance,Manual review required before release because QA flags were present: distance_gt_75km;selected_rank_gt_3;coverage_below_0_97;shared_station_gt_25_plants
station_selection_review_update_20260625T015957Z:station_selection:plant_ecwt_provisional_fixed_period_20260625T012402Z:plant:eia860:2024:plant:59387,station_selection_review_update_20260625T015957Z,plant_ecwt_readiness_fixed_period_20260625T012416Z,plant_ecwt_readiness_fixed_period_20260625T012416Z:plant:eia860:2024:plant:59387,plant_ecwt_provisional_fixed_period_20260625T012402Z:plant:eia860:2024:plant:59387,plant_ecwt_provisional_fixed_period_20260625T012402Z:plant:eia860:2024:plant:59387,eia860:2024:plant:59387,724797-23176,needs_review,automated_policy_seed,system_policy_seed,selected_rank_gt_1;coverage_below_0_97;shared_station_gt_25_plants,3,needs_review_near_threshold_coverage,Manual review required before release because QA flags were present: selected_rank_gt_1;coverage_below_0_97;shared_station_gt_25_plants
station_selection_review_update_20260625T015957Z:station_selection:plant_ecwt_provisional_fixed_period_20260625T012402Z:plant:eia860:2024:plant:59388,station_selection_review_update_20260625T015957Z,plant_ecwt_readiness_fixed_period_20260625T012416Z,plant_ecwt_readiness_fixed_period_20260625T012416Z:plant:eia860:2024:plant:59388,plant_ecwt_provisional_fixed_period_20260625T012402Z:plant:eia860:2024:plant:59388,plant_ecwt_provisional_fixed_period_20260625T012402Z:plant:eia860:2024:plant:59388,eia860:2024:plant:59388,724797-23176,needs_review,automated_policy_seed,system_policy_seed,selected_rank_gt_1;coverage_below_0_97;shared_station_gt_25_plants,3,needs_review_near_threshold_coverage,Manual review required before release because QA flags were present: selected_rank_gt_1;coverage_below_0_97;shared_station_gt_25_plants
station_selection_review_update_20260625T015957Z:station_selection:plant_ecwt_provisional_fixed_period_20260625T012402Z:plant:eia860:2024:plant:59389,station_selection_review_update_20260625T015957Z,plant_ecwt_readiness_fixed_period_20260625T012416Z,plant_ecwt_readiness_fixed_period_20260625T012416Z:plant:eia860:2024:plant:59389,plant_ecwt_provisional_fixed_period_20260625T012402Z:plant:eia860:2024:plant:59389,plant_ecwt_provisional_fixed_period_20260625T012402Z:plant:eia860:2024:plant:59389,eia860:2024:plant:59389,724797-23176,needs_review,automated_policy_seed,system_policy_seed,selected_rank_gt_1;coverage_below_0_97;shared_station_gt_25_plants,3,needs_review_near_threshold_coverage,Manual review required before release because QA flags were present: selected_rank_gt_1;coverage_below_0_97;shared_station_gt_25_plants
station_selection_review_update_20260625T015957Z:station_selection:plant_ecwt_provisional_fixed_period_20260625T012402Z:plant:eia860:2024:plant:59620,station_selection_review_update_20260625T015957Z,plant_ecwt_readiness_fixed_period_20260625T012416Z,plant_ecwt_readiness_fixed_period_20260625T012416Z:plant:eia860:2024:plant:59620,plant_ecwt_provisional_fixed_period_20260625T012402Z:plant:eia860:2024:plant:59620,plant_ecwt_provisional_fixed_period_20260625T012402Z:plant:eia860:2024:plant:59620,eia860:2024:plant:59620,724797-23176,needs_review,automated_policy_seed,system_policy_seed,selected_rank_gt_1;coverage_below_0_97;shared_station_gt_25_plants,3,needs_review_near_threshold_coverage,Manual review required before release because QA flags were present: selected_rank_gt_1;coverage_below_0_97;shared_station_gt_25_plants
station_selection_review_update_20260625T015957Z:station_selection:plant_ecwt_provisional_fixed_period_20260625T012402Z:plant:eia860:2024:plant:59702,station_selection_review_update_20260625T015957Z,plant_ecwt_readiness_fixed_period_20260625T012416Z,plant_ecwt_readiness_fixed_period_20260625T012416Z:plant:eia860:2024:plant:59702,plant_ecwt_provisional_fixed_period_20260625T012402Z:plant:eia860:2024:plant:59702,plant_ecwt_provisional_fixed_period_20260625T012402Z:plant:eia860:2024:plant:59702,eia860:2024:plant:59702,724797-23176,needs_review,automated_policy_seed,system_policy_seed,distance_gt_75km;selected_rank_gt_3;coverage_below_0_97;shared_station_gt_25_plants,4,needs_review_high_distance,Manual review required before release because QA flags were present: distance_gt_75km;selected_rank_gt_3;coverage_below_0_97;shared_station_gt_25_plants
station_selection_review_update_20260625T015957Z:station_selection:plant_ecwt_provisional_fixed_period_20260625T012402Z:plant:eia860:2024:plant:59786,station_selection_review_update_20260625T015957Z,plant_ecwt_readiness_fixed_period_20260625T012416Z,plant_ecwt_readiness_fixed_period_20260625T012416Z:plant:eia860:2024:plant:59786,plant_ecwt_provisional_fixed_period_20260625T012402Z:plant:eia860:2024:plant:59786,plant_ecwt_provisional_fixed_period_20260625T012402Z:plant:eia860:2024:plant:59786,eia860:2024:plant:59786,724797-23176,needs_review,automated_policy_seed,system_policy_seed,distance_gt_50km;selected_rank_gt_3;coverage_below_0_97;shared_station_gt_25_plants,4,needs_review_high_candidate_rank,Manual review required before release because QA flags were present: distance_gt_50km;selected_rank_gt_3;coverage_below_0_97;shared_station_gt_25_plants
station_selection_review_update_20260625T015957Z:station_selection:plant_ecwt_provisional_fixed_period_20260625T012402Z:plant:eia860:2024:plant:59787,station_selection_review_update_20260625T015957Z,plant_ecwt_readiness_fixed_period_20260625T012416Z,plant_ecwt_readiness_fixed_period_20260625T012416Z:plant:eia860:2024:plant:59787,plant_ecwt_provisional_fixed_period_20260625T012402Z:plant:eia860:2024:plant:59787,plant_ecwt_provisional_fixed_period_20260625T012402Z:plant:eia860:2024:plant:59787,eia860:2024:plant:59787,724797-23176,needs_review,automated_policy_seed,system_policy_seed,distance_gt_75km;selected_rank_gt_3;coverage_below_0_97;shared_station_gt_25_plants,4,needs_review_high_distance,Manual review required before release because QA flags were present: distance_gt_75km;selected_rank_gt_3;coverage_below_0_97;shared_station_gt_25_plants
station_selection_review_update_20260625T015957Z:station_selection:plant_ecwt_provisional_fixed_period_20260625T012402Z:plant:eia860:2024:plant:59883,station_selection_review_update_20260625T015957Z,plant_ecwt_readiness_fixed_period_20260625T012416Z,plant_ecwt_readiness_fixed_period_20260625T012416Z:plant:eia860:2024:plant:59883,plant_ecwt_provisional_fixed_period_20260625T012402Z:plant:eia860:2024:plant:59883,plant_ecwt_provisional_fixed_period_20260625T012402Z:plant:eia860:2024:plant:59883,eia860:2024:plant:59883,724797-23176,needs_review,automated_policy_seed,system_policy_seed,selected_rank_gt_1;coverage_below_0_97;shared_station_gt_25_plants,3,needs_review_near_threshold_coverage,Manual review required before release because QA flags were present: selected_rank_gt_1;coverage_below_0_97;shared_station_gt_25_plants
station_selection_review_update_20260625T015957Z:station_selection:plant_ecwt_provisional_fixed_period_20260625T012402Z:plant:eia860:2024:plant:59932,station_selection_review_update_20260625T015957Z,plant_ecwt_readiness_fixed_period_20260625T012416Z,plant_ecwt_readiness_fixed_period_20260625T012416Z:plant:eia860:2024:plant:59932,plant_ecwt_provisional_fixed_period_20260625T012402Z:plant:eia860:2024:plant:59932,plant_ecwt_provisional_fixed_period_20260625T012402Z:plant:eia860:2024:plant:59932,eia860:2024:plant:59932,724797-23176,needs_review,automated_policy_seed,system_policy_seed,distance_gt_75km;selected_rank_gt_3;coverage_below_0_97;shared_station_gt_25_plants,4,needs_review_high_distance,Manual review required before release because QA flags were present: distance_gt_75km;selected_rank_gt_3;coverage_below_0_97;shared_station_gt_25_plants
station_selection_review_update_20260625T015957Z:station_selection:plant_ecwt_provisional_fixed_period_20260625T012402Z:plant:eia860:2024:plant:59941,station_selection_review_update_20260625T015957Z,plant_ecwt_readiness_fixed_period_20260625T012416Z,plant_ecwt_readiness_fixed_period_20260625T012416Z:plant:eia860:2024:plant:59941,plant_ecwt_provisional_fixed_period_20260625T012402Z:plant:eia860:2024:plant:59941,plant_ecwt_provisional_fixed_period_20260625T012402Z:plant:eia860:2024:plant:59941,eia860:2024:plant:59941,724797-23176,needs_review,automated_policy_seed,system_policy_seed,distance_gt_75km;selected_rank_gt_3;coverage_below_0_97;shared_station_gt_25_plants,4,needs_review_high_distance,Manual review required before release because QA flags were present: distance_gt_75km;selected_rank_gt_3;coverage_below_0_97;shared_station_gt_25_plants
station_selection_review_update_20260625T015957Z:station_selection:plant_ecwt_provisional_fixed_period_20260625T012402Z:plant:eia860:2024:plant:59945,station_selection_review_update_20260625T015957Z,plant_ecwt_readiness_fixed_period_20260625T012416Z,plant_ecwt_readiness_fixed_period_20260625T012416Z:plant:eia860:2024:plant:59945,plant_ecwt_provisional_fixed_period_20260625T012402Z:plant:eia860:2024:plant:59945,plant_ecwt_provisional_fixed_period_20260625T012402Z:plant:eia860:2024:plant:59945,eia860:2024:plant:59945,724797-23176,needs_review,automated_policy_seed,system_policy_seed,distance_gt_50km;selected_rank_gt_3;coverage_below_0_97;shared_station_gt_25_plants,4,needs_review_high_candidate_rank,Manual review required before release because QA flags were present: distance_gt_50km;selected_rank_gt_3;coverage_below_0_97;shared_station_gt_25_plants
station_selection_review_update_20260625T015957Z:station_selection:plant_ecwt_provisional_fixed_period_20260625T012402Z:plant:eia860:2024:plant:59946,station_selection_review_update_20260625T015957Z,plant_ecwt_readiness_fixed_period_20260625T012416Z,plant_ecwt_readiness_fixed_period_20260625T012416Z:plant:eia860:2024:plant:59946,plant_ecwt_provisional_fixed_period_20260625T012402Z:plant:eia860:2024:plant:59946,plant_ecwt_provisional_fixed_period_20260625T012402Z:plant:eia860:2024:plant:59946,eia860:2024:plant:59946,724797-23176,needs_review,automated_policy_seed,system_policy_seed,distance_gt_50km;selected_rank_gt_3;coverage_below_0_97;shared_station_gt_25_plants,4,needs_review_high_candidate_rank,Manual review required before release because QA flags were present: distance_gt_50km;selected_rank_gt_3;coverage_below_0_97;shared_station_gt_25_plants
station_selection_review_update_20260625T015957Z:station_selection:plant_ecwt_provisional_fixed_period_20260625T012402Z:plant:eia860:2024:plant:59958,station_selection_review_update_20260625T015957Z,plant_ecwt_readiness_fixed_period_20260625T012416Z,plant_ecwt_readiness_fixed_period_20260625T012416Z:plant:eia860:2024:plant:59958,plant_ecwt_provisional_fixed_period_20260625T012402Z:plant:eia860:2024:plant:59958,plant_ecwt_provisional_fixed_period_20260625T012402Z:plant:eia860:2024:plant:59958,eia860:2024:plant:59958,724797-23176,needs_review,automated_policy_seed,system_policy_seed,selected_rank_gt_1;coverage_below_0_97;shared_station_gt_25_plants,3,needs_review_near_threshold_coverage,Manual review required before release because QA flags were present: selected_rank_gt_1;coverage_below_0_97;shared_station_gt_25_plants
station_selection_review_update_20260625T015957Z:station_selection:plant_ecwt_provisional_fixed_period_20260625T012402Z:plant:eia860:2024:plant:60421,station_selection_review_update_20260625T015957Z,plant_ecwt_readiness_fixed_period_20260625T012416Z,plant_ecwt_readiness_fixed_period_20260625T012416Z:plant:eia860:2024:plant:60421,plant_ecwt_provisional_fixed_period_20260625T012402Z:plant:eia860:2024:plant:60421,plant_ecwt_provisional_fixed_period_20260625T012402Z:plant:eia860:2024:plant:60421,eia860:2024:plant:60421,724797-23176,needs_review,automated_policy_seed,system_policy_seed,distance_gt_75km;selected_rank_gt_3;coverage_below_0_97;shared_station_gt_25_plants,4,needs_review_high_distance,Manual review required before release because QA flags were present: distance_gt_75km;selected_rank_gt_3;coverage_below_0_97;shared_station_gt_25_plants
station_selection_review_update_20260625T015957Z:station_selection:plant_ecwt_provisional_fixed_period_20260625T012402Z:plant:eia860:2024:plant:60432,station_selection_review_update_20260625T015957Z,plant_ecwt_readiness_fixed_period_20260625T012416Z,plant_ecwt_readiness_fixed_period_20260625T012416Z:plant:eia860:2024:plant:60432,plant_ecwt_provisional_fixed_period_20260625T012402Z:plant:eia860:2024:plant:60432,plant_ecwt_provisional_fixed_period_20260625T012402Z:plant:eia860:2024:plant:60432,eia860:2024:plant:60432,724797-23176,needs_review,automated_policy_seed,system_policy_seed,distance_gt_50km;selected_rank_gt_3;coverage_below_0_97;shared_station_gt_25_plants,4,needs_review_high_candidate_rank,Manual review required before release because QA flags were present: distance_gt_50km;selected_rank_gt_3;coverage_below_0_97;shared_station_gt_25_plants
station_selection_review_update_20260625T015957Z:station_selection:plant_ecwt_provisional_fixed_period_20260625T012402Z:plant:eia860:2024:plant:60449,station_selection_review_update_20260625T015957Z,plant_ecwt_readiness_fixed_period_20260625T012416Z,plant_ecwt_readiness_fixed_period_20260625T012416Z:plant:eia860:2024:plant:60449,plant_ecwt_provisional_fixed_period_20260625T012402Z:plant:eia860:2024:plant:60449,plant_ecwt_provisional_fixed_period_20260625T012402Z:plant:eia860:2024:plant:60449,eia860:2024:plant:60449,724797-23176,needs_review,automated_policy_seed,system_policy_seed,distance_gt_75km;selected_rank_gt_3;coverage_below_0_97;shared_station_gt_25_plants,4,needs_review_high_distance,Manual review required before release because QA flags were present: distance_gt_75km;selected_rank_gt_3;coverage_below_0_97;shared_station_gt_25_plants
station_selection_review_update_20260625T015957Z:station_selection:plant_ecwt_provisional_fixed_period_20260625T012402Z:plant:eia860:2024:plant:60886,station_selection_review_update_20260625T015957Z,plant_ecwt_readiness_fixed_period_20260625T012416Z,plant_ecwt_readiness_fixed_period_20260625T012416Z:plant:eia860:2024:plant:60886,plant_ecwt_provisional_fixed_period_20260625T012402Z:plant:eia860:2024:plant:60886,plant_ecwt_provisional_fixed_period_20260625T012402Z:plant:eia860:2024:plant:60886,eia860:2024:plant:60886,724797-23176,needs_review,automated_policy_seed,system_policy_seed,distance_gt_75km;selected_rank_gt_3;coverage_below_0_97;shared_station_gt_25_plants,4,needs_review_high_distance,Manual review required before release because QA flags were present: distance_gt_75km;selected_rank_gt_3;coverage_below_0_97;shared_station_gt_25_plants
station_selection_review_update_20260625T015957Z:station_selection:plant_ecwt_provisional_fixed_period_20260625T012402Z:plant:eia860:2024:plant:61119,station_selection_review_update_20260625T015957Z,plant_ecwt_readiness_fixed_period_20260625T012416Z,plant_ecwt_readiness_fixed_period_20260625T012416Z:plant:eia860:2024:plant:61119,plant_ecwt_provisional_fixed_period_20260625T012402Z:plant:eia860:2024:plant:61119,plant_ecwt_provisional_fixed_period_20260625T012402Z:plant:eia860:2024:plant:61119,eia860:2024:plant:61119,724797-23176,needs_review,automated_policy_seed,system_policy_seed,distance_gt_75km;selected_rank_gt_3;coverage_below_0_97;shared_station_gt_25_plants,4,needs_review_high_distance,Manual review required before release because QA flags were present: distance_gt_75km;selected_rank_gt_3;coverage_below_0_97;shared_station_gt_25_plants
station_selection_review_update_20260625T015957Z:station_selection:plant_ecwt_provisional_fixed_period_20260625T012402Z:plant:eia860:2024:plant:61120,station_selection_review_update_20260625T015957Z,plant_ecwt_readiness_fixed_period_20260625T012416Z,plant_ecwt_readiness_fixed_period_20260625T012416Z:plant:eia860:2024:plant:61120,plant_ecwt_provisional_fixed_period_20260625T012402Z:plant:eia860:2024:plant:61120,plant_ecwt_provisional_fixed_period_20260625T012402Z:plant:eia860:2024:plant:61120,eia860:2024:plant:61120,724797-23176,needs_review,automated_policy_seed,system_policy_seed,distance_gt_75km;selected_rank_gt_3;coverage_below_0_97;shared_station_gt_25_plants,4,needs_review_high_distance,Manual review required before release because QA flags were present: distance_gt_75km;selected_rank_gt_3;coverage_below_0_97;shared_station_gt_25_plants
station_selection_review_update_20260625T015957Z:station_selection:plant_ecwt_provisional_fixed_period_20260625T012402Z:plant:eia860:2024:plant:61121,station_selection_review_update_20260625T015957Z,plant_ecwt_readiness_fixed_period_20260625T012416Z,plant_ecwt_readiness_fixed_period_20260625T012416Z:plant:eia860:2024:plant:61121,plant_ecwt_provisional_fixed_period_20260625T012402Z:plant:eia860:2024:plant:61121,plant_ecwt_provisional_fixed_period_20260625T012402Z:plant:eia860:2024:plant:61121,eia860:2024:plant:61121,724797-23176,needs_review,automated_policy_seed,system_policy_seed,distance_gt_75km;selected_rank_gt_3;coverage_below_0_97;shared_station_gt_25_plants,4,needs_review_high_distance,Manual review required before release because QA flags were present: distance_gt_75km;selected_rank_gt_3;coverage_below_0_97;shared_station_gt_25_plants
station_selection_review_update_20260625T015957Z:station_selection:plant_ecwt_provisional_fixed_period_20260625T012402Z:plant:eia860:2024:plant:62469,station_selection_review_update_20260625T015957Z,plant_ecwt_readiness_fixed_period_20260625T012416Z,plant_ecwt_readiness_fixed_period_20260625T012416Z:plant:eia860:2024:plant:62469,plant_ecwt_provisional_fixed_period_20260625T012402Z:plant:eia860:2024:plant:62469,plant_ecwt_provisional_fixed_period_20260625T012402Z:plant:eia860:2024:plant:62469,eia860:2024:plant:62469,724797-23176,needs_review,automated_policy_seed,system_policy_seed,distance_gt_75km;selected_rank_gt_3;coverage_below_0_97;shared_station_gt_25_plants,4,needs_review_high_distance,Manual review required before release because QA flags were present: distance_gt_75km;selected_rank_gt_3;coverage_below_0_97;shared_station_gt_25_plants
station_selection_review_update_20260625T015957Z:station_selection:plant_ecwt_provisional_fixed_period_20260625T012402Z:plant:eia860:2024:plant:62470,station_selection_review_update_20260625T015957Z,plant_ecwt_readiness_fixed_period_20260625T012416Z,plant_ecwt_readiness_fixed_period_20260625T012416Z:plant:eia860:2024:plant:62470,plant_ecwt_provisional_fixed_period_20260625T012402Z:plant:eia860:2024:plant:62470,plant_ecwt_provisional_fixed_period_20260625T012402Z:plant:eia860:2024:plant:62470,eia860:2024:plant:62470,724797-23176,needs_review,automated_policy_seed,system_policy_seed,distance_gt_75km;selected_rank_gt_3;coverage_below_0_97;shared_station_gt_25_plants,4,needs_review_high_distance,Manual review required before release because QA flags were present: distance_gt_75km;selected_rank_gt_3;coverage_below_0_97;shared_station_gt_25_plants
station_selection_review_update_20260625T015957Z:station_selection:plant_ecwt_provisional_fixed_period_20260625T012402Z:plant:eia860:2024:plant:62666,station_selection_review_update_20260625T015957Z,plant_ecwt_readiness_fixed_period_20260625T012416Z,plant_ecwt_readiness_fixed_period_20260625T012416Z:plant:eia860:2024:plant:62666,plant_ecwt_provisional_fixed_period_20260625T012402Z:plant:eia860:2024:plant:62666,plant_ecwt_provisional_fixed_period_20260625T012402Z:plant:eia860:2024:plant:62666,eia860:2024:plant:62666,724797-23176,needs_review,automated_policy_seed,system_policy_seed,distance_gt_75km;selected_rank_gt_3;coverage_below_0_97;shared_station_gt_25_plants,4,needs_review_high_distance,Manual review required before release because QA flags were present: distance_gt_75km;selected_rank_gt_3;coverage_below_0_97;shared_station_gt_25_plants
station_selection_review_update_20260625T015957Z:station_selection:plant_ecwt_provisional_fixed_period_20260625T012402Z:plant:eia860:2024:plant:62812,station_selection_review_update_20260625T015957Z,plant_ecwt_readiness_fixed_period_20260625T012416Z,plant_ecwt_readiness_fixed_period_20260625T012416Z:plant:eia860:2024:plant:62812,plant_ecwt_provisional_fixed_period_20260625T012402Z:plant:eia860:2024:plant:62812,plant_ecwt_provisional_fixed_period_20260625T012402Z:plant:eia860:2024:plant:62812,eia860:2024:plant:62812,724797-23176,needs_review,automated_policy_seed,system_policy_seed,selected_rank_gt_1;coverage_below_0_97;shared_station_gt_25_plants,3,needs_review_near_threshold_coverage,Manual review required before release because QA flags were present: selected_rank_gt_1;coverage_below_0_97;shared_station_gt_25_plants
station_selection_review_update_20260625T015957Z:station_selection:plant_ecwt_provisional_fixed_period_20260625T012402Z:plant:eia860:2024:plant:65678,station_selection_review_update_20260625T015957Z,plant_ecwt_readiness_fixed_period_20260625T012416Z,plant_ecwt_readiness_fixed_period_20260625T012416Z:plant:eia860:2024:plant:65678,plant_ecwt_provisional_fixed_period_20260625T012402Z:plant:eia860:2024:plant:65678,plant_ecwt_provisional_fixed_period_20260625T012402Z:plant:eia860:2024:plant:65678,eia860:2024:plant:65678,724797-23176,needs_review,automated_policy_seed,system_policy_seed,distance_gt_50km;selected_rank_gt_3;coverage_below_0_97;shared_station_gt_25_plants,4,needs_review_high_candidate_rank,Manual review required before release because QA flags were present: distance_gt_50km;selected_rank_gt_3;coverage_below_0_97;shared_station_gt_25_plants
station_selection_review_update_20260625T015957Z:station_selection:plant_ecwt_provisional_fixed_period_20260625T012402Z:plant:eia860:2024:plant:65823,station_selection_review_update_20260625T015957Z,plant_ecwt_readiness_fixed_period_20260625T012416Z,plant_ecwt_readiness_fixed_period_20260625T012416Z:plant:eia860:2024:plant:65823,plant_ecwt_provisional_fixed_period_20260625T012402Z:plant:eia860:2024:plant:65823,plant_ecwt_provisional_fixed_period_20260625T012402Z:plant:eia860:2024:plant:65823,eia860:2024:plant:65823,724797-23176,needs_review,automated_policy_seed,system_policy_seed,distance_gt_50km;selected_rank_gt_3;coverage_below_0_97;shared_station_gt_25_plants,4,needs_review_high_candidate_rank,Manual review required before release because QA flags were present: distance_gt_50km;selected_rank_gt_3;coverage_below_0_97;shared_station_gt_25_plants
station_selection_review_update_20260625T015957Z:station_selection:plant_ecwt_provisional_fixed_period_20260625T012402Z:plant:eia860:2024:plant:66144,station_selection_review_update_20260625T015957Z,plant_ecwt_readiness_fixed_period_20260625T012416Z,plant_ecwt_readiness_fixed_period_20260625T012416Z:plant:eia860:2024:plant:66144,plant_ecwt_provisional_fixed_period_20260625T012402Z:plant:eia860:2024:plant:66144,plant_ecwt_provisional_fixed_period_20260625T012402Z:plant:eia860:2024:plant:66144,eia860:2024:plant:66144,724797-23176,needs_review,automated_policy_seed,system_policy_seed,selected_rank_gt_1;coverage_below_0_97;shared_station_gt_25_plants,3,needs_review_near_threshold_coverage,Manual review required before release because QA flags were present: selected_rank_gt_1;coverage_below_0_97;shared_station_gt_25_plants
station_selection_review_update_20260625T015957Z:station_selection:plant_ecwt_provisional_fixed_period_20260625T012402Z:plant:eia860:2024:plant:66147,station_selection_review_update_20260625T015957Z,plant_ecwt_readiness_fixed_period_20260625T012416Z,plant_ecwt_readiness_fixed_period_20260625T012416Z:plant:eia860:2024:plant:66147,plant_ecwt_provisional_fixed_period_20260625T012402Z:plant:eia860:2024:plant:66147,plant_ecwt_provisional_fixed_period_20260625T012402Z:plant:eia860:2024:plant:66147,eia860:2024:plant:66147,724797-23176,needs_review,automated_policy_seed,system_policy_seed,selected_rank_gt_1;coverage_below_0_97;shared_station_gt_25_plants,3,needs_review_near_threshold_coverage,Manual review required before release because QA flags were present: selected_rank_gt_1;coverage_below_0_97;shared_station_gt_25_plants
station_selection_review_update_20260625T015957Z:station_selection:plant_ecwt_provisional_fixed_period_20260625T012402Z:plant:eia860:2024:plant:66684,station_selection_review_update_20260625T015957Z,plant_ecwt_readiness_fixed_period_20260625T012416Z,plant_ecwt_readiness_fixed_period_20260625T012416Z:plant:eia860:2024:plant:66684,plant_ecwt_provisional_fixed_period_20260625T012402Z:plant:eia860:2024:plant:66684,plant_ecwt_provisional_fixed_period_20260625T012402Z:plant:eia860:2024:plant:66684,eia860:2024:plant:66684,724797-23176,needs_review,automated_policy_seed,system_policy_seed,distance_gt_75km;selected_rank_gt_3;coverage_below_0_97;shared_station_gt_25_plants,4,needs_review_high_distance,Manual review required before release because QA flags were present: distance_gt_75km;selected_rank_gt_3;coverage_below_0_97;shared_station_gt_25_plants
station_selection_review_update_20260625T015957Z:station_selection:plant_ecwt_provisional_fixed_period_20260625T012402Z:plant:eia860:2024:plant:68044,station_selection_review_update_20260625T015957Z,plant_ecwt_readiness_fixed_period_20260625T012416Z,plant_ecwt_readiness_fixed_period_20260625T012416Z:plant:eia860:2024:plant:68044,plant_ecwt_provisional_fixed_period_20260625T012402Z:plant:eia860:2024:plant:68044,plant_ecwt_provisional_fixed_period_20260625T012402Z:plant:eia860:2024:plant:68044,eia860:2024:plant:68044,724797-23176,needs_review,automated_policy_seed,system_policy_seed,selected_rank_gt_1;coverage_below_0_97;shared_station_gt_25_plants,3,needs_review_near_threshold_coverage,Manual review required before release because QA flags were present: selected_rank_gt_1;coverage_below_0_97;shared_station_gt_25_plants
station_selection_review_update_20260625T015957Z:station_selection:plant_ecwt_provisional_fixed_period_20260625T012402Z:plant:eia860:2024:plant:68068,station_selection_review_update_20260625T015957Z,plant_ecwt_readiness_fixed_period_20260625T012416Z,plant_ecwt_readiness_fixed_period_20260625T012416Z:plant:eia860:2024:plant:68068,plant_ecwt_provisional_fixed_period_20260625T012402Z:plant:eia860:2024:plant:68068,plant_ecwt_provisional_fixed_period_20260625T012402Z:plant:eia860:2024:plant:68068,eia860:2024:plant:68068,724797-23176,needs_review,automated_policy_seed,system_policy_seed,selected_rank_gt_1;coverage_below_0_97;shared_station_gt_25_plants,3,needs_review_near_threshold_coverage,Manual review required before release because QA flags were present: selected_rank_gt_1;coverage_below_0_97;shared_station_gt_25_plants
station_selection_review_update_20260625T015957Z:station_selection:plant_ecwt_provisional_fixed_period_20260625T012402Z:plant:eia860:2024:plant:68153,station_selection_review_update_20260625T015957Z,plant_ecwt_readiness_fixed_period_20260625T012416Z,plant_ecwt_readiness_fixed_period_20260625T012416Z:plant:eia860:2024:plant:68153,plant_ecwt_provisional_fixed_period_20260625T012402Z:plant:eia860:2024:plant:68153,plant_ecwt_provisional_fixed_period_20260625T012402Z:plant:eia860:2024:plant:68153,eia860:2024:plant:68153,724797-23176,needs_review,automated_policy_seed,system_policy_seed,distance_gt_50km;selected_rank_gt_1;coverage_below_0_97;shared_station_gt_25_plants,4,needs_review_near_threshold_coverage,Manual review required before release because QA flags were present: distance_gt_50km;selected_rank_gt_1;coverage_below_0_97;shared_station_gt_25_plants
station_selection_review_update_20260625T015957Z:station_selection:plant_ecwt_provisional_fixed_period_20260625T012402Z:plant:eia860:2024:plant:68371,station_selection_review_update_20260625T015957Z,plant_ecwt_readiness_fixed_period_20260625T012416Z,plant_ecwt_readiness_fixed_period_20260625T012416Z:plant:eia860:2024:plant:68371,plant_ecwt_provisional_fixed_period_20260625T012402Z:plant:eia860:2024:plant:68371,plant_ecwt_provisional_fixed_period_20260625T012402Z:plant:eia860:2024:plant:68371,eia860:2024:plant:68371,724797-23176,needs_review,automated_policy_seed,system_policy_seed,distance_gt_75km;selected_rank_gt_3;coverage_below_0_97;shared_station_gt_25_plants,4,needs_review_high_distance,Manual review required before release because QA flags were present: distance_gt_75km;selected_rank_gt_3;coverage_below_0_97;shared_station_gt_25_plants
station_selection_review_update_20260625T015957Z:station_selection:plant_ecwt_provisional_fixed_period_20260625T012402Z:plant:eia860:2024:plant:69041,station_selection_review_update_20260625T015957Z,plant_ecwt_readiness_fixed_period_20260625T012416Z,plant_ecwt_readiness_fixed_period_20260625T012416Z:plant:eia860:2024:plant:69041,plant_ecwt_provisional_fixed_period_20260625T012402Z:plant:eia860:2024:plant:69041,plant_ecwt_provisional_fixed_period_20260625T012402Z:plant:eia860:2024:plant:69041,eia860:2024:plant:69041,724797-23176,needs_review,automated_policy_seed,system_policy_seed,distance_gt_75km;selected_rank_gt_3;coverage_below_0_97;shared_station_gt_25_plants,4,needs_review_high_distance,Manual review required before release because QA flags were present: distance_gt_75km;selected_rank_gt_3;coverage_below_0_97;shared_station_gt_25_plants
station_selection_review_update_20260625T015957Z:station_selection:plant_ecwt_provisional_fixed_period_20260625T012402Z:plant:eia860:2024:plant:10494,station_selection_review_update_20260625T015957Z,plant_ecwt_readiness_fixed_period_20260625T012416Z,plant_ecwt_readiness_fixed_period_20260625T012416Z:plant:eia860:2024:plant:10494,plant_ecwt_provisional_fixed_period_20260625T012402Z:plant:eia860:2024:plant:10494,plant_ecwt_provisional_fixed_period_20260625T012402Z:plant:eia860:2024:plant:10494,eia860:2024:plant:10494,713720-99999,needs_review,automated_policy_seed,system_policy_seed,distance_gt_50km;selected_rank_gt_3;station_country_not_us;station_state_missing;coverage_below_0_97,5,needs_policy_cross_border_station,Manual review required before release because QA flags were present: distance_gt_50km;selected_rank_gt_3;station_country_not_us;station_state_missing;coverage_below_0_97
station_selection_review_update_20260625T015957Z:station_selection:plant_ecwt_provisional_fixed_period_20260625T012402Z:plant:eia860:2024:plant:3730,station_selection_review_update_20260625T015957Z,plant_ecwt_readiness_fixed_period_20260625T012416Z,plant_ecwt_readiness_fixed_period_20260625T012416Z:plant:eia860:2024:plant:3730,plant_ecwt_provisional_fixed_period_20260625T012402Z:plant:eia860:2024:plant:3730,plant_ecwt_provisional_fixed_period_20260625T012402Z:plant:eia860:2024:plant:3730,eia860:2024:plant:3730,716110-99999,needs_review,automated_policy_seed,system_policy_seed,distance_gt_50km;selected_rank_gt_3;station_country_not_us;station_state_missing;coverage_below_0_97,5,needs_policy_cross_border_station,Manual review required before release because QA flags were present: distance_gt_50km;selected_rank_gt_3;station_country_not_us;station_state_missing;coverage_below_0_97
station_selection_review_update_20260625T015957Z:station_selection:plant_ecwt_provisional_fixed_period_20260625T012402Z:plant:eia860:2024:plant:3731,station_selection_review_update_20260625T015957Z,plant_ecwt_readiness_fixed_period_20260625T012416Z,plant_ecwt_readiness_fixed_period_20260625T012416Z:plant:eia860:2024:plant:3731,plant_ecwt_provisional_fixed_period_20260625T012402Z:plant:eia860:2024:plant:3731,plant_ecwt_provisional_fixed_period_20260625T012402Z:plant:eia860:2024:plant:3731,eia860:2024:plant:3731,716110-99999,needs_review,automated_policy_seed,system_policy_seed,distance_gt_50km;selected_rank_gt_3;station_country_not_us;station_state_missing;coverage_below_0_97,5,needs_policy_cross_border_station,Manual review required before release because QA flags were present: distance_gt_50km;selected_rank_gt_3;station_country_not_us;station_state_missing;coverage_below_0_97
station_selection_review_update_20260625T015957Z:station_selection:plant_ecwt_provisional_fixed_period_20260625T012402Z:plant:eia860:2024:plant:3750,station_selection_review_update_20260625T015957Z,plant_ecwt_readiness_fixed_period_20260625T012416Z,plant_ecwt_readiness_fixed_period_20260625T012416Z:plant:eia860:2024:plant:3750,plant_ecwt_provisional_fixed_period_20260625T012402Z:plant:eia860:2024:plant:3750,plant_ecwt_provisional_fixed_period_20260625T012402Z:plant:eia860:2024:plant:3750,eia860:2024:plant:3750,716110-99999,needs_review,automated_policy_seed,system_policy_seed,station_country_not_us;station_state_missing;coverage_below_0_97,3,needs_policy_cross_border_station,Manual review required before release because QA flags were present: station_country_not_us;station_state_missing;coverage_below_0_97
station_selection_review_update_20260625T015957Z:station_selection:plant_ecwt_provisional_fixed_period_20260625T012402Z:plant:eia860:2024:plant:3753,station_selection_review_update_20260625T015957Z,plant_ecwt_readiness_fixed_period_20260625T012416Z,plant_ecwt_readiness_fixed_period_20260625T012416Z:plant:eia860:2024:plant:3753,plant_ecwt_provisional_fixed_period_20260625T012402Z:plant:eia860:2024:plant:3753,plant_ecwt_provisional_fixed_period_20260625T012402Z:plant:eia860:2024:plant:3753,eia860:2024:plant:3753,716110-99999,needs_review,automated_policy_seed,system_policy_seed,distance_gt_50km;selected_rank_gt_3;station_country_not_us;station_state_missing;coverage_below_0_97,5,needs_policy_cross_border_station,Manual review required before release because QA flags were present: distance_gt_50km;selected_rank_gt_3;station_country_not_us;station_state_missing;coverage_below_0_97
station_selection_review_update_20260625T015957Z:station_selection:plant_ecwt_provisional_fixed_period_20260625T012402Z:plant:eia860:2024:plant:58824,station_selection_review_update_20260625T015957Z,plant_ecwt_readiness_fixed_period_20260625T012416Z,plant_ecwt_readiness_fixed_period_20260625T012416Z:plant:eia860:2024:plant:58824,plant_ecwt_provisional_fixed_period_20260625T012402Z:plant:eia860:2024:plant:58824,plant_ecwt_provisional_fixed_period_20260625T012402Z:plant:eia860:2024:plant:58824,eia860:2024:plant:58824,713720-99999,needs_review,automated_policy_seed,system_policy_seed,selected_rank_gt_3;station_country_not_us;station_state_missing;coverage_below_0_97,4,needs_policy_cross_border_station,Manual review required before release because QA flags were present: selected_rank_gt_3;station_country_not_us;station_state_missing;coverage_below_0_97
station_selection_review_update_20260625T015957Z:station_selection:plant_ecwt_provisional_fixed_period_20260625T012402Z:plant:eia860:2024:plant:59445,station_selection_review_update_20260625T015957Z,plant_ecwt_readiness_fixed_period_20260625T012416Z,plant_ecwt_readiness_fixed_period_20260625T012416Z:plant:eia860:2024:plant:59445,plant_ecwt_provisional_fixed_period_20260625T012402Z:plant:eia860:2024:plant:59445,plant_ecwt_provisional_fixed_period_20260625T012402Z:plant:eia860:2024:plant:59445,eia860:2024:plant:59445,713720-99999,needs_review,automated_policy_seed,system_policy_seed,distance_gt_50km;selected_rank_gt_3;station_country_not_us;station_state_missing;coverage_below_0_97,5,needs_policy_cross_border_station,Manual review required before release because QA flags were present: distance_gt_50km;selected_rank_gt_3;station_country_not_us;station_state_missing;coverage_below_0_97
station_selection_review_update_20260625T015957Z:station_selection:plant_ecwt_provisional_fixed_period_20260625T012402Z:plant:eia860:2024:plant:60860,station_selection_review_update_20260625T015957Z,plant_ecwt_readiness_fixed_period_20260625T012416Z,plant_ecwt_readiness_fixed_period_20260625T012416Z:plant:eia860:2024:plant:60860,plant_ecwt_provisional_fixed_period_20260625T012402Z:plant:eia860:2024:plant:60860,plant_ecwt_provisional_fixed_period_20260625T012402Z:plant:eia860:2024:plant:60860,eia860:2024:plant:60860,713720-99999,needs_review,automated_policy_seed,system_policy_seed,selected_rank_gt_3;station_country_not_us;station_state_missing;coverage_below_0_97,4,needs_policy_cross_border_station,Manual review required before release because QA flags were present: selected_rank_gt_3;station_country_not_us;station_state_missing;coverage_below_0_97
station_selection_review_update_20260625T015957Z:station_selection:plant_ecwt_provisional_fixed_period_20260625T012402Z:plant:eia860:2024:plant:63203,station_selection_review_update_20260625T015957Z,plant_ecwt_readiness_fixed_period_20260625T012416Z,plant_ecwt_readiness_fixed_period_20260625T012416Z:plant:eia860:2024:plant:63203,plant_ecwt_provisional_fixed_period_20260625T012402Z:plant:eia860:2024:plant:63203,plant_ecwt_provisional_fixed_period_20260625T012402Z:plant:eia860:2024:plant:63203,eia860:2024:plant:63203,713720-99999,needs_review,automated_policy_seed,system_policy_seed,selected_rank_gt_3;station_country_not_us;station_state_missing;coverage_below_0_97,4,needs_policy_cross_border_station,Manual review required before release because QA flags were present: selected_rank_gt_3;station_country_not_us;station_state_missing;coverage_below_0_97
station_selection_review_update_20260625T015957Z:station_selection:plant_ecwt_provisional_fixed_period_20260625T012402Z:plant:eia860:2024:plant:6618,station_selection_review_update_20260625T015957Z,plant_ecwt_readiness_fixed_period_20260625T012416Z,plant_ecwt_readiness_fixed_period_20260625T012416Z:plant:eia860:2024:plant:6618,plant_ecwt_provisional_fixed_period_20260625T012402Z:plant:eia860:2024:plant:6618,plant_ecwt_provisional_fixed_period_20260625T012402Z:plant:eia860:2024:plant:6618,eia860:2024:plant:6618,713720-99999,needs_review,automated_policy_seed,system_policy_seed,selected_rank_gt_3;station_country_not_us;station_state_missing;coverage_below_0_97,4,needs_policy_cross_border_station,Manual review required before release because QA flags were present: selected_rank_gt_3;station_country_not_us;station_state_missing;coverage_below_0_97
station_selection_review_update_20260625T015957Z:station_selection:plant_ecwt_provisional_fixed_period_20260625T012402Z:plant:eia860:2024:plant:3855,station_selection_review_update_20260625T015957Z,plant_ecwt_readiness_fixed_period_20260625T012416Z,plant_ecwt_readiness_fixed_period_20260625T012416Z:plant:eia860:2024:plant:3855,plant_ecwt_provisional_fixed_period_20260625T012402Z:plant:eia860:2024:plant:3855,plant_ecwt_provisional_fixed_period_20260625T012402Z:plant:eia860:2024:plant:3855,eia860:2024:plant:3855,711080-99999,needs_review,automated_policy_seed,system_policy_seed,distance_gt_50km;selected_rank_gt_3;station_country_not_us;station_state_missing,4,needs_policy_cross_border_station,Manual review required before release because QA flags were present: distance_gt_50km;selected_rank_gt_3;station_country_not_us;station_state_missing
station_selection_review_update_20260625T015957Z:station_selection:plant_ecwt_provisional_fixed_period_20260625T012402Z:plant:eia860:2024:plant:3861,station_selection_review_update_20260625T015957Z,plant_ecwt_readiness_fixed_period_20260625T012416Z,plant_ecwt_readiness_fixed_period_20260625T012416Z:plant:eia860:2024:plant:3861,plant_ecwt_provisional_fixed_period_20260625T012402Z:plant:eia860:2024:plant:3861,plant_ecwt_provisional_fixed_period_20260625T012402Z:plant:eia860:2024:plant:3861,eia860:2024:plant:3861,711080-99999,needs_review,automated_policy_seed,system_policy_seed,distance_gt_50km;selected_rank_gt_3;station_country_not_us;station_state_missing,4,needs_policy_cross_border_station,Manual review required before release because QA flags were present: distance_gt_50km;selected_rank_gt_3;station_country_not_us;station_state_missing
station_selection_review_update_20260625T015957Z:station_selection:plant_ecwt_provisional_fixed_period_20260625T012402Z:plant:eia860:2024:plant:3886,station_selection_review_update_20260625T015957Z,plant_ecwt_readiness_fixed_period_20260625T012416Z,plant_ecwt_readiness_fixed_period_20260625T012416Z:plant:eia860:2024:plant:3886,plant_ecwt_provisional_fixed_period_20260625T012402Z:plant:eia860:2024:plant:3886,plant_ecwt_provisional_fixed_period_20260625T012402Z:plant:eia860:2024:plant:3886,eia860:2024:plant:3886,712150-99999,needs_review,automated_policy_seed,system_policy_seed,distance_gt_75km;selected_rank_gt_3;station_country_not_us;station_state_missing;coverage_below_0_97,5,needs_policy_cross_border_station,Manual review required before release because QA flags were present: distance_gt_75km;selected_rank_gt_3;station_country_not_us;station_state_missing;coverage_below_0_97
station_selection_review_update_20260625T015957Z:station_selection:plant_ecwt_provisional_fixed_period_20260625T012402Z:plant:eia860:2024:plant:3891,station_selection_review_update_20260625T015957Z,plant_ecwt_readiness_fixed_period_20260625T012416Z,plant_ecwt_readiness_fixed_period_20260625T012416Z:plant:eia860:2024:plant:3891,plant_ecwt_provisional_fixed_period_20260625T012402Z:plant:eia860:2024:plant:3891,plant_ecwt_provisional_fixed_period_20260625T012402Z:plant:eia860:2024:plant:3891,eia860:2024:plant:3891,717700-99999,needs_review,automated_policy_seed,system_policy_seed,distance_gt_75km;selected_rank_gt_3;station_country_not_us;station_state_missing;coverage_below_0_97,5,needs_policy_cross_border_station,Manual review required before release because QA flags were present: distance_gt_75km;selected_rank_gt_3;station_country_not_us;station_state_missing;coverage_below_0_97
station_selection_review_update_20260625T015957Z:station_selection:plant_ecwt_provisional_fixed_period_20260625T012402Z:plant:eia860:2024:plant:3921,station_selection_review_update_20260625T015957Z,plant_ecwt_readiness_fixed_period_20260625T012416Z,plant_ecwt_readiness_fixed_period_20260625T012416Z:plant:eia860:2024:plant:3921,plant_ecwt_provisional_fixed_period_20260625T012402Z:plant:eia860:2024:plant:3921,plant_ecwt_provisional_fixed_period_20260625T012402Z:plant:eia860:2024:plant:3921,eia860:2024:plant:3921,712150-99999,needs_review,automated_policy_seed,system_policy_seed,distance_gt_75km;selected_rank_gt_3;station_country_not_us;station_state_missing;coverage_below_0_97,5,needs_policy_cross_border_station,Manual review required before release because QA flags were present: distance_gt_75km;selected_rank_gt_3;station_country_not_us;station_state_missing;coverage_below_0_97
station_selection_review_update_20260625T015957Z:station_selection:plant_ecwt_provisional_fixed_period_20260625T012402Z:plant:eia860:2024:plant:50091,station_selection_review_update_20260625T015957Z,plant_ecwt_readiness_fixed_period_20260625T012416Z,plant_ecwt_readiness_fixed_period_20260625T012416Z:plant:eia860:2024:plant:50091,plant_ecwt_provisional_fixed_period_20260625T012402Z:plant:eia860:2024:plant:50091,plant_ecwt_provisional_fixed_period_20260625T012402Z:plant:eia860:2024:plant:50091,eia860:2024:plant:50091,717760-99999,needs_review,automated_policy_seed,system_policy_seed,distance_gt_50km;selected_rank_gt_3;station_country_not_us;station_state_missing;coverage_below_0_97,5,needs_policy_cross_border_station,Manual review required before release because QA flags were present: distance_gt_50km;selected_rank_gt_3;station_country_not_us;station_state_missing;coverage_below_0_97
station_selection_review_update_20260625T015957Z:station_selection:plant_ecwt_provisional_fixed_period_20260625T012402Z:plant:eia860:2024:plant:54050,station_selection_review_update_20260625T015957Z,plant_ecwt_readiness_fixed_period_20260625T012416Z,plant_ecwt_readiness_fixed_period_20260625T012416Z:plant:eia860:2024:plant:54050,plant_ecwt_provisional_fixed_period_20260625T012402Z:plant:eia860:2024:plant:54050,plant_ecwt_provisional_fixed_period_20260625T012402Z:plant:eia860:2024:plant:54050,eia860:2024:plant:54050,712000-99999,needs_review,automated_policy_seed,system_policy_seed,selected_rank_gt_3;station_country_not_us;station_state_missing;coverage_below_0_97,4,needs_policy_cross_border_station,Manual review required before release because QA flags were present: selected_rank_gt_3;station_country_not_us;station_state_missing;coverage_below_0_97
station_selection_review_update_20260625T015957Z:station_selection:plant_ecwt_provisional_fixed_period_20260625T012402Z:plant:eia860:2024:plant:54051,station_selection_review_update_20260625T015957Z,plant_ecwt_readiness_fixed_period_20260625T012416Z,plant_ecwt_readiness_fixed_period_20260625T012416Z:plant:eia860:2024:plant:54051,plant_ecwt_provisional_fixed_period_20260625T012402Z:plant:eia860:2024:plant:54051,plant_ecwt_provisional_fixed_period_20260625T012402Z:plant:eia860:2024:plant:54051,eia860:2024:plant:54051,712000-99999,needs_review,automated_policy_seed,system_policy_seed,selected_rank_gt_3;station_country_not_us;station_state_missing;coverage_below_0_97,4,needs_policy_cross_border_station,Manual review required before release because QA flags were present: selected_rank_gt_3;station_country_not_us;station_state_missing;coverage_below_0_97
station_selection_review_update_20260625T015957Z:station_selection:plant_ecwt_provisional_fixed_period_20260625T012402Z:plant:eia860:2024:plant:54267,station_selection_review_update_20260625T015957Z,plant_ecwt_readiness_fixed_period_20260625T012416Z,plant_ecwt_readiness_fixed_period_20260625T012416Z:plant:eia860:2024:plant:54267,plant_ecwt_provisional_fixed_period_20260625T012402Z:plant:eia860:2024:plant:54267,plant_ecwt_provisional_fixed_period_20260625T012402Z:plant:eia860:2024:plant:54267,eia860:2024:plant:54267,711080-99999,needs_review,automated_policy_seed,system_policy_seed,distance_gt_50km;selected_rank_gt_3;station_country_not_us;station_state_missing,4,needs_policy_cross_border_station,Manual review required before release because QA flags were present: distance_gt_50km;selected_rank_gt_3;station_country_not_us;station_state_missing
station_selection_review_update_20260625T015957Z:station_selection:plant_ecwt_provisional_fixed_period_20260625T012402Z:plant:eia860:2024:plant:54476,station_selection_review_update_20260625T015957Z,plant_ecwt_readiness_fixed_period_20260625T012416Z,plant_ecwt_readiness_fixed_period_20260625T012416Z:plant:eia860:2024:plant:54476,plant_ecwt_provisional_fixed_period_20260625T012402Z:plant:eia860:2024:plant:54476,plant_ecwt_provisional_fixed_period_20260625T012402Z:plant:eia860:2024:plant:54476,eia860:2024:plant:54476,711080-99999,accepted,policy_override,codex_policy_us_ca_core,station_country_not_us;station_state_missing,2,policy_accept_us_ca_core,"Accepted by policy scenario us_ca_core: Accept US or Canadian stations within 75 km, rank <= 3, and coverage >= 0.97. Observed values: station_country=CA, distance_km=7.584, rank_order=1, coverage_ratio=0.976406, risk_flags=station_country_not_us;station_state_missing."
station_selection_review_update_20260625T015957Z:station_selection:plant_ecwt_provisional_fixed_period_20260625T012402Z:plant:eia860:2024:plant:54537,station_selection_review_update_20260625T015957Z,plant_ecwt_readiness_fixed_period_20260625T012416Z,plant_ecwt_readiness_fixed_period_20260625T012416Z:plant:eia860:2024:plant:54537,plant_ecwt_provisional_fixed_period_20260625T012402Z:plant:eia860:2024:plant:54537,plant_ecwt_provisional_fixed_period_20260625T012402Z:plant:eia860:2024:plant:54537,eia860:2024:plant:54537,711080-99999,needs_review,automated_policy_seed,system_policy_seed,selected_rank_gt_3;station_country_not_us;station_state_missing,3,needs_policy_cross_border_station,Manual review required before release because QA flags were present: selected_rank_gt_3;station_country_not_us;station_state_missing
station_selection_review_update_20260625T015957Z:station_selection:plant_ecwt_provisional_fixed_period_20260625T012402Z:plant:eia860:2024:plant:550,station_selection_review_update_20260625T015957Z,plant_ecwt_readiness_fixed_period_20260625T012416Z,plant_ecwt_readiness_fixed_period_20260625T012416Z:plant:eia860:2024:plant:550,plant_ecwt_provisional_fixed_period_20260625T012402Z:plant:eia860:2024:plant:550,plant_ecwt_provisional_fixed_period_20260625T012402Z:plant:eia860:2024:plant:550,eia860:2024:plant:550,712150-99999,needs_review,automated_policy_seed,system_policy_seed,distance_gt_75km;selected_rank_gt_3;station_country_not_us;station_state_missing;coverage_below_0_97,5,needs_policy_cross_border_station,Manual review required before release because QA flags were present: distance_gt_75km;selected_rank_gt_3;station_country_not_us;station_state_missing;coverage_below_0_97
station_selection_review_update_20260625T015957Z:station_selection:plant_ecwt_provisional_fixed_period_20260625T012402Z:plant:eia860:2024:plant:58352,station_selection_review_update_20260625T015957Z,plant_ecwt_readiness_fixed_period_20260625T012416Z,plant_ecwt_readiness_fixed_period_20260625T012416Z:plant:eia860:2024:plant:58352,plant_ecwt_provisional_fixed_period_20260625T012402Z:plant:eia860:2024:plant:58352,plant_ecwt_provisional_fixed_period_20260625T012402Z:plant:eia860:2024:plant:58352,eia860:2024:plant:58352,712000-99999,needs_review,automated_policy_seed,system_policy_seed,selected_rank_gt_3;station_country_not_us;station_state_missing;coverage_below_0_97,4,needs_policy_cross_border_station,Manual review required before release because QA flags were present: selected_rank_gt_3;station_country_not_us;station_state_missing;coverage_below_0_97
station_selection_review_update_20260625T015957Z:station_selection:plant_ecwt_provisional_fixed_period_20260625T012402Z:plant:eia860:2024:plant:58696,station_selection_review_update_20260625T015957Z,plant_ecwt_readiness_fixed_period_20260625T012416Z,plant_ecwt_readiness_fixed_period_20260625T012416Z:plant:eia860:2024:plant:58696,plant_ecwt_provisional_fixed_period_20260625T012402Z:plant:eia860:2024:plant:58696,plant_ecwt_provisional_fixed_period_20260625T012402Z:plant:eia860:2024:plant:58696,eia860:2024:plant:58696,711080-99999,accepted,policy_override,codex_policy_us_ca_core,selected_rank_gt_1;station_country_not_us;station_state_missing,3,policy_accept_us_ca_core,"Accepted by policy scenario us_ca_core: Accept US or Canadian stations within 75 km, rank <= 3, and coverage >= 0.97. Observed values: station_country=CA, distance_km=42.132, rank_order=2, coverage_ratio=0.976406, risk_flags=selected_rank_gt_1;station_country_not_us;station_state_missing."
station_selection_review_update_20260625T015957Z:station_selection:plant_ecwt_provisional_fixed_period_20260625T012402Z:plant:eia860:2024:plant:60444,station_selection_review_update_20260625T015957Z,plant_ecwt_readiness_fixed_period_20260625T012416Z,plant_ecwt_readiness_fixed_period_20260625T012416Z:plant:eia860:2024:plant:60444,plant_ecwt_provisional_fixed_period_20260625T012402Z:plant:eia860:2024:plant:60444,plant_ecwt_provisional_fixed_period_20260625T012402Z:plant:eia860:2024:plant:60444,eia860:2024:plant:60444,711080-99999,accepted,policy_override,codex_policy_us_ca_core,station_country_not_us;station_state_missing,2,policy_accept_us_ca_core,"Accepted by policy scenario us_ca_core: Accept US or Canadian stations within 75 km, rank <= 3, and coverage >= 0.97. Observed values: station_country=CA, distance_km=34.030, rank_order=1, coverage_ratio=0.976406, risk_flags=station_country_not_us;station_state_missing."
station_selection_review_update_20260625T015957Z:station_selection:plant_ecwt_provisional_fixed_period_20260625T012402Z:plant:eia860:2024:plant:6120,station_selection_review_update_20260625T015957Z,plant_ecwt_readiness_fixed_period_20260625T012416Z,plant_ecwt_readiness_fixed_period_20260625T012416Z:plant:eia860:2024:plant:6120,plant_ecwt_provisional_fixed_period_20260625T012402Z:plant:eia860:2024:plant:6120,plant_ecwt_provisional_fixed_period_20260625T012402Z:plant:eia860:2024:plant:6120,eia860:2024:plant:6120,711080-99999,needs_review,automated_policy_seed,system_policy_seed,selected_rank_gt_3;station_country_not_us;station_state_missing,3,needs_policy_cross_border_station,Manual review required before release because QA flags were present: selected_rank_gt_3;station_country_not_us;station_state_missing
station_selection_review_update_20260625T015957Z:station_selection:plant_ecwt_provisional_fixed_period_20260625T012402Z:plant:eia860:2024:plant:6202,station_selection_review_update_20260625T015957Z,plant_ecwt_readiness_fixed_period_20260625T012416Z,plant_ecwt_readiness_fixed_period_20260625T012416Z:plant:eia860:2024:plant:6202,plant_ecwt_provisional_fixed_period_20260625T012402Z:plant:eia860:2024:plant:6202,plant_ecwt_provisional_fixed_period_20260625T012402Z:plant:eia860:2024:plant:6202,eia860:2024:plant:6202,711140-99999,needs_review,automated_policy_seed,system_policy_seed,distance_gt_75km;selected_rank_gt_1;station_country_not_us;station_state_missing;coverage_below_0_97,5,needs_policy_cross_border_station,Manual review required before release because QA flags were present: distance_gt_75km;selected_rank_gt_1;station_country_not_us;station_state_missing;coverage_below_0_97
station_selection_review_update_20260625T015957Z:station_selection:plant_ecwt_provisional_fixed_period_20260625T012402Z:plant:eia860:2024:plant:6431,station_selection_review_update_20260625T015957Z,plant_ecwt_readiness_fixed_period_20260625T012416Z,plant_ecwt_readiness_fixed_period_20260625T012416Z:plant:eia860:2024:plant:6431,plant_ecwt_provisional_fixed_period_20260625T012402Z:plant:eia860:2024:plant:6431,plant_ecwt_provisional_fixed_period_20260625T012402Z:plant:eia860:2024:plant:6431,eia860:2024:plant:6431,711140-99999,needs_review,automated_policy_seed,system_policy_seed,distance_gt_75km;selected_rank_gt_1;station_country_not_us;station_state_missing;coverage_below_0_97,5,needs_policy_cross_border_station,Manual review required before release because QA flags were present: distance_gt_75km;selected_rank_gt_1;station_country_not_us;station_state_missing;coverage_below_0_97
station_selection_review_update_20260625T015957Z:station_selection:plant_ecwt_provisional_fixed_period_20260625T012402Z:plant:eia860:2024:plant:6432,station_selection_review_update_20260625T015957Z,plant_ecwt_readiness_fixed_period_20260625T012416Z,plant_ecwt_readiness_fixed_period_20260625T012416Z:plant:eia860:2024:plant:6432,plant_ecwt_provisional_fixed_period_20260625T012402Z:plant:eia860:2024:plant:6432,plant_ecwt_provisional_fixed_period_20260625T012402Z:plant:eia860:2024:plant:6432,eia860:2024:plant:6432,711140-99999,needs_review,automated_policy_seed,system_policy_seed,distance_gt_75km;selected_rank_gt_1;station_country_not_us;station_state_missing;coverage_below_0_97,5,needs_policy_cross_border_station,Manual review required before release because QA flags were present: distance_gt_75km;selected_rank_gt_1;station_country_not_us;station_state_missing;coverage_below_0_97
station_selection_review_update_20260625T015957Z:station_selection:plant_ecwt_provisional_fixed_period_20260625T012402Z:plant:eia860:2024:plant:6433,station_selection_review_update_20260625T015957Z,plant_ecwt_readiness_fixed_period_20260625T012416Z,plant_ecwt_readiness_fixed_period_20260625T012416Z:plant:eia860:2024:plant:6433,plant_ecwt_provisional_fixed_period_20260625T012402Z:plant:eia860:2024:plant:6433,plant_ecwt_provisional_fixed_period_20260625T012402Z:plant:eia860:2024:plant:6433,eia860:2024:plant:6433,717760-99999,needs_review,automated_policy_seed,system_policy_seed,distance_gt_50km;selected_rank_gt_1;station_country_not_us;station_state_missing;coverage_below_0_97,5,needs_policy_cross_border_station,Manual review required before release because QA flags were present: distance_gt_50km;selected_rank_gt_1;station_country_not_us;station_state_missing;coverage_below_0_97
station_selection_review_update_20260625T015957Z:station_selection:plant_ecwt_provisional_fixed_period_20260625T012402Z:plant:eia860:2024:plant:773,station_selection_review_update_20260625T015957Z,plant_ecwt_readiness_fixed_period_20260625T012416Z,plant_ecwt_readiness_fixed_period_20260625T012416Z:plant:eia860:2024:plant:773,plant_ecwt_provisional_fixed_period_20260625T012402Z:plant:eia860:2024:plant:773,plant_ecwt_provisional_fixed_period_20260625T012402Z:plant:eia860:2024:plant:773,eia860:2024:plant:773,717700-99999,needs_review,automated_policy_seed,system_policy_seed,distance_gt_50km;selected_rank_gt_3;station_country_not_us;station_state_missing;coverage_below_0_97,5,needs_policy_cross_border_station,Manual review required before release because QA flags were present: distance_gt_50km;selected_rank_gt_3;station_country_not_us;station_state_missing;coverage_below_0_97
station_selection_review_update_20260625T015957Z:station_selection:plant_ecwt_provisional_fixed_period_20260625T012402Z:plant:eia860:2024:plant:7870,station_selection_review_update_20260625T015957Z,plant_ecwt_readiness_fixed_period_20260625T012416Z,plant_ecwt_readiness_fixed_period_20260625T012416Z:plant:eia860:2024:plant:7870,plant_ecwt_provisional_fixed_period_20260625T012402Z:plant:eia860:2024:plant:7870,plant_ecwt_provisional_fixed_period_20260625T012402Z:plant:eia860:2024:plant:7870,eia860:2024:plant:7870,711080-99999,needs_review,automated_policy_seed,system_policy_seed,selected_rank_gt_3;station_country_not_us;station_state_missing,3,needs_policy_cross_border_station,Manual review required before release because QA flags were present: selected_rank_gt_3;station_country_not_us;station_state_missing
station_selection_review_update_20260625T015957Z:station_selection:plant_ecwt_provisional_fixed_period_20260625T012402Z:plant:eia860:2024:plant:9842,station_selection_review_update_20260625T015957Z,plant_ecwt_readiness_fixed_period_20260625T012416Z,plant_ecwt_readiness_fixed_period_20260625T012416Z:plant:eia860:2024:plant:9842,plant_ecwt_provisional_fixed_period_20260625T012402Z:plant:eia860:2024:plant:9842,plant_ecwt_provisional_fixed_period_20260625T012402Z:plant:eia860:2024:plant:9842,eia860:2024:plant:9842,711140-99999,needs_review,automated_policy_seed,system_policy_seed,distance_gt_75km;selected_rank_gt_1;station_country_not_us;station_state_missing;coverage_below_0_97,5,needs_policy_cross_border_station,Manual review required before release because QA flags were present: distance_gt_75km;selected_rank_gt_1;station_country_not_us;station_state_missing;coverage_below_0_97
